00003443
00003662
00004605
00009624
00010047
00010047
00012130
00012427
00013321
00014027
00014194
00014398
00014735
00016373
00024807
00025196
00025647
00025978
00026378
00026727
00026934
00027057
00027261
00030640
00030846
00031270
00034281
00037507
00040084
00045370
00045548
00045739
00046251
00052752
00056076
00056303
00056644
00057379
00057478
00057609
00057728
00057849
00057988
00058124
00058239
00058386
00058548
00058651
00058790
00059834
00063328
00063866
00067316
00067770
00071765
00072339
00072742
00073096
00073791
00074774
00075174
00075751
00076153
00081478
00081478
00081834
00081834
00086587
00087206
00088465
00090460
00090640
00091399
00092045
00092915
00093907
00094066
00094214
00094214
00094766
00095025
00095131
00095349
00095501
00095624
00095744
00096274
00096402
00097375
00097695
00099475
00099798
00099989
00101031
00101188
00105087
00105308
00105532
00108279
00108551
00109468
00113228
00113536
00113661
00114645
00116173
00118331
00119681
00120854
00122293
00122826
00124886
00125255
00125649
00134372
00134706
00136799
00138328
00139943
00140787
00144670
00145958
00150107
00150596
00150797
00150934
00151394
00151509
00153083
00153949
00154196
00154416
00154586
00154774
00154951
00155355
00155677
00156409
00156409
00157027
00157155
00157270
00157431
00157652
00157758
00157902
00158192
00158311
00158612
00159450
00160255
00160461
00160820
00162496
00163249
00163723
00163880
00164009
00164252
00164466
00168396
00169459
00169459
00169614
00171599
00171865
00172745
00172922
00173351
00175817
00176031
00176147
00176337
00176469
00176628
00176766
00176884
00177021
00177146
00177253
00177588
00177724
00177871
00177994
00178216
00178349
00178494
00178616
00178766
00178887
00179012
00179205
00179456
00179712
00179863
00179997
00180104
00180221
00180342
00180460
00180640
00180747
00180982
00181150
00181325
00181403
00181579
00181704
00182551
00187671
00188206
00188343
00188458
00188584
00188798
00188912
00189053
00189394
00189521
00189843
00190001
00190155
00190918
00193672
00193830
00194134
00194298
00194878
00195040
00195686
00196708
00196970
00197466
00197798
00197965
00198119
00198331
00198588
00198742
00198852
00202809
00203148
00203575
00203918
00204228
00204643
00204753
00205112
00205234
00206293
00207205
00207406
00207592
00207826
00207826
00207996
00208319
00208463
00209244
00209582
00209846
00210024
00211164
00214694
00217578
00217853
00218126
00219829
00220541
00220887
00221127
00223926
00224354
00224594
00224886
00225077
00226992
00227591
00229452
00230459
00230988
00231172
00231172
00231714
00231871
00233086
00233328
00233575
00234091
00234918
00235091
00235237
00235426
00235827
00237139
00238763
00239258
00239428
00239753
00240207
00241179
00241696
00243466
00243633
00243862
00244010
00244265
00244458
00247816
00248276
00248588
00250199
00251425
00252905
00254163
00255372
00255753
00258155
00259414
00259551
00259743
00260268
00260446
00260641
00260813
00261356
00261534
00261534
00262200
00262419
00262591
00262731
00262843
00262962
00263435
00263589
00263767
00263930
00265272
00266272
00266559
00267927
00269051
00270891
00270891
00272745
00272976
00275082
00275432
00275523
00275523
00275741
00281690
00281861
00283693
00291064
00291925
00293434
00293903
00293903
00294290
00294739
00304246
00305890
00310092
00310772
00311168
00311417
00311719
00311895
00313162
00313972
00314386
00314788
00315583
00316996
00317432
00318269
00318501
00320015
00328938
00329612
00330054
00331375
00331561
00333645
00334404
00334860
00334996
00335459
00335613
00335806
00337070
00337875
00338881
00343834
00346415
00347191
00347368
00347493
00347758
00347930
00348074
00348264
00348458
00348572
00348757
00348906
00349195
00349400
00349877
00350070
00350246
00350439
00350937
00352373
00352617
00353480
00354293
00354493
00354684
00354849
00354971
00355692
00356457
00356609
00356912
00358508
00358789
00359085
00360165
00360460
00361154
00361458
00363001
00364717
00366463
00367200
00368338
00369175
00369315
00369315
00369500
00370095
00370779
00373765
00373903
00378713
00382272
00385082
00385860
00390663
00392119
00392374
00392673
00392844
00394379
00394655
00402279
00406978
00407168
00407888
00408071
00408253
00408253
00408383
00408558
00408773
00409197
00409373
00409549
00410568
00411945
00414120
00415334
00415334
00419488
00419690
00419874
00420090
00420903
00422361
00428636
00429536
00432779
00433014
00433129
00433234
00433389
00433525
00433636
00434185
00434478
00435327
00436056
00440653
00440804
00441535
00443018
00444071
00444339
00448113
00449245
00449819
00450108
00450250
00450381
00450522
00450647
00451123
00451258
00451520
00451818
00451952
00452108
00452603
00455606
00457551
00460731
00461087
00461312
00461510
00461714
00462309
00462448
00463047
00463807
00463920
00464147
00466675
00469496
00469704
00470725
00471632
00471989
00474503
00474948
00476114
00477064
00478872
00478872
00479613
00479991
00480107
00480322
00482486
00482872
00485097
00489553
00490773
00491221
00491364
00491522
00491658
00491904
00492392
00492625
00492846
00493161
00493246
00493346
00493642
00494865
00495039
00495205
00495549
00495816
00496572
00496934
00497347
00497570
00497851
00498142
00500243
00500385
00501437
00502799
00504245
00504650
00504796
00504796
00505100
00506430
00507620
00511039
00519475
00519733
00520136
00521840
00522113
00523521
00523831
00525379
00525762
00526244
00527012
00527309
00527419
00527521
00527829
00528114
00528881
00529916
00531522
00532243
00532849
00532984
00534483
00534607
00534751
00537068
00537887
00538130
00538233
00538839
00539123
00539279
00539403
00539932
00540190
00541315
00542631
00543200
00544096
00544367
00544490
00546372
00546637
00547809
00548102
00548301
00549559
00549696
00549993
00550476
00551059
00552287
00553083
00553892
00554484
00555971
00556161
00556731
00556857
00557270
00558293
00558763
00559296
00559448
00559750
00560467
00562343
00562452
00562791
00564177
00564437
00565228
00565772
00566356
00566669
00567101
00568176
00568852
00570818
00571080
00571771
00572673
00572978
00573098
00573439
00573579
00573865
00574017
00575295
00575591
00576073
00576638
00576797
00577305
00577461
00577575
00577761
00578577
00579075
00579939
00580444
00581219
00582115
00582432
00582748
00584141
00584600
00585068
00585487
00585887
00587464
00587675
00588295
00588846
00589255
00589616
00589616
00590283
00590704
00591133
00591299
00591636
00591761
00592037
00592156
00592319
00592510
00592914
00593736
00594278
00594595
00594758
00594917
00595247
00595732
00596016
00596529
00596701
00596900
00597025
00597330
00597527
00597737
00597879
00597879
00598039
00598456
00598611
00598780
00599029
00599310
00599673
00599897
00600024
00600024
00600148
00600349
00600829
00601008
00601115
00601230
00601387
00601630
00601765
00602438
00603054
00603650
00604200
00604693
00605971
00606481
00607178
00607488
00607730
00608395
00608509
00608509
00609334
00609926
00610532
00610654
00611060
00611237
00611564
00611721
00611928
00612609
00612810
00613356
00614139
00614373
00614532
00616520
00616520
00616690
00618188
00618547
00618983
00619103
00619295
00619438
00619747
00621541
00621911
00622345
00622598
00623325
00624823
00627937
00630153
00630919
00631400
00631688
00631885
00632042
00634289
00636134
00636134
00636568
00638103
00638236
00641140
00642312
00645728
00646092
00648747
00649877
00651134
00652816
00652969
00653662
00654571
00654954
00655120
00655291
00656117
00659399
00659723
00662642
00663631
00670017
00670017
00670723
00671017
00671161
00671284
00671548
00672097
00672179
00672179
00672910
00673109
00674352
00675014
00675260
00675367
00675490
00675685
00675902
00676259
00676526
00680201
00681856
00681856
00683200
00683348
00683348
00684149
00684355
00684511
00684700
00684847
00685199
00685589
00685849
00686192
00686564
00687584
00687584
00687940
00688150
00688348
00689082
00689196
00689424
00689639
00689827
00690162
00690278
00690278
00690510
00691086
00691086
00691551
00691692
00692071
00692071
00692380
00695834
00696274
00698180
00698618
00699355
00699870
00700164
00700338
00700498
00700621
00701392
00706154
00706456
00706456
00706861
00706993
00708009
00708633
00709453
00709957
00710205
00710367
00710669
00710809
00710809
00711034
00711208
00711208
00711454
00711673
00711834
00712869
00713964
00714385
00714537
00714920
00715072
00716789
00716979
00717144
00717773
00717773
00718035
00718950
00719282
00719845
00720041
00720232
00720413
00720569
00720661
00720831
00720986
00721155
00721514
00721658
00722732
00723226
00723361
00723361
00723679
00723989
00724156
00724156
00724810
00725018
00726794
00727236
00727525
00727710
00728115
00728262
00730579
00730916
00732286
00732632
00734247
00735477
00735918
00736371
00739198
00739481
00739889
00741087
00741345
00742058
00742295
00742582
00742582
00743542
00743671
00743880
00744020
00744118
0074428
00745209
00745330
00746558
00747485
00747485
00747796
00747956
00748704
00749139
00749422
00750288
00750809
00750978
00751211
00751969
00753285
00753395
00753573
00753781
00754499
00754499
00754770
00755473
00755779
00756201
00756358
00756776
00756987
00756987
00757492
00757492
00757790
00758383
00758694
00758943
00759101
00759237
00759420
00759589
00760087
00760583
00760672
00760932
00761314
00761546
00762232
00762621
00765876
00766267
00766267
00766571
00766827
00767441
00770434
00772186
00775012
00775477
00775831
00775967
00776101
00776686
00777201
00777876
00779976
00783045
00783538
00784104
00786536
00786670
00788120
00788478
00788711
00789021
00789177
00789322
00789322
00789538
00789846
00790226
00790483
00790800
00793426
00794133
00795741
00796302
00796643
00797294
00797525
00798054
00798250
00798501
00798638
00798638
00799092
00799092
00799359
00799359
00799753
00799911
00800064
00800201
00800905
00800905
00802592
00802592
00803184
00803444
00803639
00803798
00803980
00803980
00804608
00804987
00805801
00805801
00806138
00806138
00808840
00808840
00809123
00810005
00810190
00811316
00812219
00812391
00812391
00812701
00812833
00813037
00813382
00813543
00813657
00813811
00817041
00817201
00817348
00817348
00817805
00818014
00818217
00818489
00818664
00818972
00819413
00820083
00820214
00820466
00821169
00821417
00821584
00821736
00824028
00825330
00825488
00825727
00826456
00827862
00827994
00828170
00828963
00829119
00830768
00830768
00831422
00831608
00831849
00832009
00832159
00832309
00832422
00832735
00833312
00833312
00834278
00834439
00834568
00834732
00834860
00835053
00835207
00835381
00835688
00839551
00841513
00842288
00842804
00843259
00843665
00844451
00845638
00845977
00846620
00846823
00846978
00847444
00847588
00847897
00848188
00848838
00849363
00849849
00850760
00851012
00851272
00851468
00851619
00851872
00852181
00852181
00853615
00854604
00855315
00856470
00856977
00857194
00858111
00858506
00864347
00864347
00864838
00864941
00865097
00865243
00865570
00866944
00867328
00867440
00869073
00869507
00869673
00869761
00869934
00870255
00870643
00871877
00871877
00872604
00872857
00873067
00874096
00875364
00875857
00876672
00876672
00876925
00877337
00877482
00877731
00877973
00878196
00878525
00878858
00879090
00879379
00879667
00879879
00880877
00881061
00881623
00883422
00884747
00885156
00885368
00885532
00885838
00886061
00886335
00886467
00886603
00886738
00887090
00887289
00887694
00888123
00888123
00888280
00888663
00888984
00889847
00890307
00891076
00891468
00893836
00893988
00894444
00895742
00895886
00896020
00896259
00896689
00897044
00897237
00897613
00898638
00898638
00898754
00899077
00899241
00899241
00899782
00899973
00901115
00901360
00901719
00901977
00902139
00902346
00902724
00902866
00903562
00904886
00905052
00905166
00908688
00909019
00909100
00909610
00909883
00910052
00910052
00910930
00911172
00911526
00912088
00912844
00912926
00913214
00913303
00913515
00913714
00913870
00914001
00920717
00923043
00925764
00927461
00929986
00930203
00931122
00938943
00941308
00944022
00946956
00947157
00948137
00948787
00952006
00952238
00954556
00955248
00956303
00956640
00956940
00957065
00958437
00958719
00958719
00964479
00965602
00967067
00967422
00967574
00967903
00969130
00969657
00970243
00971905
00975088
00976399
00977459
00980401
00993417
00993609
00994073
00994836
00995046
01009522
01011267
01012013
01012145
01012879
01015049
01015239
01016830
01017113
01017253
01018011
01018787
01019010
01019510
01020074
01020361
01022014
01024429
01028104
01029183
01033289
01034712
01037071
01041202
01042030
01045313
01050364
01058790
01060752
01060995
01061436
01062189
01062366
01062618
01062618
01062889
01064187
01064577
01065071
01065551
01065717
01065952
01066718
01067478
01068058
01069216
01070587
01072124
01073177
01074155
01074284
01074513
01074673
01075218
01075360
01075360
01076346
01076467
01076599
01076750
01076902
01077094
01077307
01077437
01077557
01077720
01077891
01078005
01078276
01078410
01078523
01078643
01078763
01078907
01079346
01081082
01081176
01081176
01081565
01081732
01081873
01082266
01082457
01082916
01083394
01083545
01083898
01084045
01084245
01084416
01084546
01084847
01086459
01086581
01087541
01088514
01089608
01089970
01090140
01091334
01091334
01091548
01092746
01093571
01093709
01093838
01093838
01094255
01094539
01094695
01094777
01095583
01095583
01095776
01095876
01096197
01096355
01096497
01096795
01096950
01097072
01097309
01097494
01097629
01100154
01113995
01118003
01118334
01118865
01119003
01119902
01121587
01124374
01124374
01124620
01124831
01125162
01125456
01125585
01125687
01125841
01126191
01126191
01128786
01130221
01133623
01138109
01140122
01140630
01140872
01140949
01140949
01141159
01141248
01141337
01142291
01143080
01144364
01144629
01144789
01144916
01145082
01145227
01145365
01145732
01145964
01146304
01147016
01147339
01147490
01147831
01148078
01148232
01148410
01148517
01148756
01148848
01148973
01149259
01149384
01149762
01150028
01150175
01151936
01152334
01152476
01152836
01155952
01156848
01157135
01157887
01158153
01159300
01159815
01159815
01160320
01160479
01160800
01160888
01161188
01162509
01162686
01163122
01163215
01163403
01163606
01163877
01164011
01164459
01164607
01164741
01165070
01165936
01166163
01166397
01166589
01167359
01167359
01167895
01168409
01168667
01168667
01169274
01169522
01169871
01169974
01170315
01170593
01170802
01170802
01172332
01173463
01174842
01174998
01175354
01175702
01177270
01177429
01177521
01177764
01178376
01182162
01185006
01185870
01186429
01187837
01188137
01188273
01188514
01190070
01190070
01190273
01190481
01190677
01191018
01191018
01191258
01191520
01191960
01192137
01192356
01194178
01195043
01195161
01195306
01195632
01196254
01196647
01196771
01196951
01197832
01198570
01198897
01200618
01200739
01203078
01203727
01204212
01204331
01205854
01206641
01207620
01208079
01208316
01208838
01209469
01209664
01210022
01210571
01212046
01212517
01212716
01212916
01213301
01215136
01215136
01215837
01215912
01216068
01216178
01216829
01217701
01217701
01217985
01217985
01218415
01223449
01224892
01225049
01226565
01228534
01238728
01241618
01241766
01243284
01244178
01244317
01244445
01244772
01247080
01247256
01248201
01250114
01253472
01256888
01257256
01257621
01261392
01263582
01266043
01266223
01266712
01275146
01276905
01283091
01285148
01291157
01292858
01303637
01304679
01308707
01312361
01313320
01313320
01313624
01314556
01315031
01317233
01317398
01317608
01317993
01318273
01318869
01319061
01319279
01319724
01319936
01320084
01320193
01320383
01320741
01320883
01321130
01321319
01321509
01321709
01321853
01322006
01322133
01322669
01323084
01325518
01326002
01326182
01326457
01326622
01327678
01327678
01327810
01327970
01328775
01329005
01329106
01329210
01329412
01329572
01329702
01329815
01329983
01330264
01333358
01345761
01348685
01349112
01349230
01349375
01351387
01351669
01352965
01353852
01354457
01355093
01356576
01362006
01363019
01374421
01374854
01382787
01383909
01387824
01387824
01388112
01391225
01395572
01399178
01402698
01406439
01407698
01412877
01422127
01422636
01422958
01426447
01432088
01433863
01434356
01435107
01435234
01435675
01435792
01435927
01436911
01438013
01438013
01438648
01438772
01438923
01439024
01439155
01439891
01441809
01442223
01442364
01442758
01445640
01446109
01446250
01446490
01446765
01446765
01448216
01449520
01449876
01450719
01450719
01451371
01451646
01451829
01452020
01452184
01452567
01452567
01453403
01453572
01453787
01454113
01454453
01454866
01455157
01455720
01455867
01456044
01456857
01457421
01462525
01463781
01463957
01464634
01465097
01469362
01469607
01469999
01472399
01473673
01474177
01474455
01474881
01475047
01475806
01477180
01477610
01477705
01477847
01477931
01478045
01478166
01478458
01479113
01482779
01485877
01486292
01488139
01490553
01490942
01491961
01495233
01495698
01495799
01496967
01504432
01505740
01507112
01507331
01507886
01511000
01513459
01514012
01514338
01514338
01514891
01516062
01517287
01517688
01517828
01517828
01518047
01518198
01518423
01524685
01524927
01525056
01526442
01530059
01531310
01535222
01540747
01543481
01544013
01544249
01544361
01544989
01547227
01548431
01548665
01548893
01551969
01552687
01555172
01559703
01560556
01569486
01569697
01569697
01569964
01572009
01572394
01572724
01573086
01573231
01573763
01574185
01574834
01575055
01575809
01577123
01577597
01581670
01582002
01582471
01588444
01592928
01593668
01593836
01593933
01594278
01594993
01595227
01595377
01595695
01596175
01596535
01603521
01606806
01607172
01607363
01607942
01611610
01619055
01622744
01624592
01625482
01625632
01625832
01626064
01626402
01626526
01626693
01626829
01627004
01628081
01628243
01628380
01628569
01628703
01628928
01629022
01629457
01631234
01632192
01634614
01635953
01636439
01641175
01646362
01652793
01654152
01654835
01654986
01655514
01656984
01657699
01657814
01660471
01660937
01661207
01661324
01661511
01665366
01665549
01668976
01669227
01679675
01685808
01697776
01698158
01698271
01698515
01698745
01698879
01699152
01699354
01706190
01712535
01714340
01717655
01718067
01718664
01718899
01719044
01719216
01719384
01719856
01719971
01720266
01720478
01721710
01722394
01723780
01727101
01727314
01727456
01728928
01737094
01738383
01739189
01739680
01739828
01739979
01740180
01740703
01740703
01742228
01743144
01743556
01743695
01745327
01746607
01746767
01748949
01749530
01751525
01752556
01752992
01754621
01756124
01760121
01762024
01767681
01768023
01769760
01769760
01770125
01770490
01775115
01776419
01777267
01777267
01777456
01777746
01777746
01777926
01778057
01778057
01778347
01778347
01778720
01778720
01779085
01779456
01779835
01780135
01780135
01780389
01780648
01780873
01781380
01781522
01781734
01782485
01783082
01783561
01784021
01784253
01784548
01784760
01784999
01784999
01785206
01785339
01785802
01786037
01786469
01786469
01786841
01787033
01787213
01787565
01789567
01789567
01789790
01790238
01790439
01790579
01790725
01791419
01791774
01792751
01792866
01792983
01793089
01793315
01795082
01796316
01796442
01799899
01802947
01802947
01803246
01803495
01807900
01809214
01809490
01809949
01810076
01811281
01811281
01813031
01815408
01815408
01819595
01820021
01820398
01820811
01821722
01823521
01824839
01825070
01825361
01825834
01825946
01826198
01826886
01827478
01827830
01827992
01828195
01828281
01828474
01828678
01829179
01829703
01829904
01830002
01830126
01830320
01830665
01831006
01831006
01831174
01831174
01831367
01831561
01831561
01831800
01831800
01832012
01832198
01832347
01832565
01834907
01835473
01837450
01837659
01838155
01838302
01839222
01839438
01842593
01842972
01843112
01843222
01843346
01843480
01843632
01843749
01843905
01844034
01845021
01845289
01845714
01846010
01846450
01846632
01846830
01847439
01848801
01850858
01852407
01853188
01854282
01856435
01856558
01856668
01857055
01857178
01857987
01858118
01859433
01862896
01864471
01868620
01868851
01869037
01869189
01869369
01869712
01870016
01870596
01870596
01870858
01872125
01872363
01872996
01873189
01873292
01873556
01874036
01875314
01875464
01875972
01876870
01878561
01879137
01879813
01880021
01880523
01881197
01881613
01881778
01883572
01883770
01884106
01885027
01885173
01886163
01886807
01887337
01888119
01888376
01888570
01888967
01889423
01889838
01890327
01890481
01891013
01891569
01891894
01892288
01893603
01895242
01895810
01896601
01897594
01897764
01897981
01898157
01898313
01898513
01898642
01904401
01905282
01905776
01906119
01906776
01907378
01907555
01908286
01908642
01908923
01910195
01910816
01911251
01913805
01913971
01914366
01915332
01920026
01922662
01927367
01927862
01929647
01930937
01932791
01934070
01934070
01934709
01937175
01940220
01942285
01944262
01948835
01949042
01952731
01953077
01953192
01953294
01953438
01953676
01953825
01953987
01954154
01954361
01954516
01954657
01954657
01955135
01955339
01955339
01955796
01956067
01956222
01956609
01956757
01957193
01957669
01957669
01958200
01958418
01958600
01958711
01958986
01959367
01960966
01961388
01963040
01964770
01967949
01969661
01970046
01972576
01973223
01973786
01974840
01976312
01977139
01977500
01977773
01978076
01981715
01986409
01987148
01987785
01990729
01990883
01993067
01995776
01995963
01996283
01996407
01996535
01997958
01998474
01998992
01999243
01999581
02001151
02002334
02002464
02003250
02003830
02004165
02004320
02004579
02004900
02004900
02005284
02005890
02006442
02006752
02006752
02007200
02007373
02007494
02008023
02008888
02015717
02016196
02017423
02019450
02024265
02026953
02027242
02029199
02029396
02032568
02034003
02034269
02035003
02035275
02035467
02035671
02036260
02036260
02042858
02045573
02046082
02046733
02047080
02048171
02048815
02050390
02051806
02054081
02055618
02058465
02059573
02059899
02060133
02060390
02060895
02060895
02061261
02061580
02061973
02062115
02062372
02062514
02062918
02063390
02063390
02063844
02064997
02066009
02066140
02068687
02070438
02070867
02072942
02073048
02073479
02075765
02077161
02077473
02078305
02078305
02078605
02078906
02080527
02080748
02081395
02081903
02083577
02084065
02086428
02086774
02088351
02088499
02089405
02089693
02089820
02090349
02091872
02092012
02092374
02092508
02092737
02092894
02093059
02093216
02093349
02093687
02094251
02094702
02095257
02095432
02095677
02096152
02096450
02096576
02096743
02097366
02097512
02097668
02097888
02098706
02099489
02099974
02100178
02100445
02100590
02100772
02100948
02101131
02101482
02101822
02102078
02102457
02102610
02103105
02103353
02103517
02103691
02103822
02103947
02104107
02104454
02104754
02104910
02105324
02105748
02105927
02106067
02106280
02106676
02106933
02107440
02107729
02107890
02108059
02108203
02108439
02108781
02108968
02109360
02109618
02109827
02110460
02112831
02114099
02118539
02123706
02123818
02123935
02125976
02126310
02126423
02126525
02127889
02129213
02129497
02129688
02130617
02130734
02131823
02132078
02133754
02134174
02134344
02134625
02134765
02149107
02149298
02149701
02149973
02151539
02151743
02151896
02152033
02152254
02152392
02152799
02153034
02154041
02157683
02158742
02158938
02162161
02163017
02163017
02163326
02163627
02167732
02168057
02168177
02169125
02169256
02169433
02170805
02170904
02172015
02173796
02174146
02174335
02174625
02174748
02174871
02175483
02193614
02193844
02194034
02194160
02195992
02198420
02202143
02203333
02204104
02204855
02205200
02205670
02206050
02206050
02206303
02206426
02206637
02206757
02206915
02208876
02208876
02209474
02209794
02210054
02210501
02210669
02210796
02211095
02211988
02211988
02212672
02212900
02213047
02213319
02213685
02214527
02214901
02215637
02216730
02216885
02217057
02217289
02217428
02218118
02220288
02220748
02221014
02221166
02221342
02221492
02221793
02221793
02222048
02222048
02222328
02222477
02222955
02223328
02223541
02223706
02223876
02226417
02226741
02232269
02232523
02233837
02236443
02236692
02236826
02236972
02236972
02237504
02237659
02237863
02237977
02238134
02238315
02238486
02238680
02240011
02240011
02240331
02240448
02240624
02240906
02242564
02242867
02244779
02245263
02246403
02246549
02247246
02250547
02252785
02253107
02254246
02254549
02254885
02255024
02255148
02255275
02255433
02256551
02256551
02257350
02259889
02260076
02260270
02260750
02261162
02261661
02261806
02262040
02262178
02262575
02263098
02263294
02263424
02263424
02263812
02264048
02264892
02266449
02266695
02266946
02267560
02267740
02267835
02268154
02268500
02268596
02268987
02270824
02270993
02271267
02271402
02271522
02271629
02271905
02271905
02272374
02272834
02273196
02273196
02273726
02274739
02275010
02275660
02275660
02275823
02275982
02275982
02276335
02276662
02276768
02276935
02277394
02277783
02278138
02278767
02279144
02280210
02281167
02281711
02281983
02282148
02282742
02282906
02283437
02283675
02285714
02285938
02286330
02286486
02286596
02286805
02286927
02287097
02287210
02287351
02287791
02287925
02288042
02288941
02289389
02289507
02289796
02289796
02290050
02290237
02290474
02291886
02292054
02292463
02293000
02293158
02294200
02294200
02294759
02294934
02295101
02295101
02295310
02295422
02295917
02296395
02296669
02297393
02297496
02299397
02300169
02300169
02300408
02300511
02300511
02300678
02300803
02300940
02301576
02302103
02305021
02305510
02306463
02306641
02306786
02307434
02307632
02308311
02308741
02308858
02308993
02309487
02309628
02309962
02310566
02310836
02311067
02311442
02311708
02311849
02312120
02312241
02312392
02312527
02313721
02313721
02313988
02314987
02315308
02315462
02315835
02316367
02317458
02319255
02320505
02321629
02322269
02322528
02326371
02326737
02327226
02327429
02327592
02329022
02329178
02331351
02331951
02332196
02338685
02343105
02348052
02348812
02349056
02350284
02350643
02353564
02354941
02358748
02358980
02360255
02360406
02362227
02364339
02365170
02365881
02367129
02367915
02368370
02371574
02376330
02376560
02381180
02382049
02382611
02383029
02383544
02384340
02385393
02385713
02388582
02389828
02390082
02390776
02390955
02391987
02392176
02392628
02392628
02392934
02393052
02394092
02394488
02396945
02397527
02397742
02397904
02398103
02398228
02399223
02399325
02400537
02400745
02400924
02401138
02401347
02401678
02402408
02402602
02402779
02402779
02403303
02403456
02403605
02404473
02404473
02404821
02405030
02405179
02405393
02405902
02406193
02406438
02406541
02407967
02408550
02408679
02409218
02412468
02413117
02413411
02414095
02414542
02414968
02415071
02415071
02415849
02415985
02416659
02416751
02417777
02418069
02418270
02421408
02421881
02422308
02423521
02424873
02425332
02425530
02425706
02425889
02426091
02426299
02426474
02426849
02427021
02427763
02430184
02430760
02431242
02432763
02433049
02433334
02433771
02434657
02435427
02436167
02436681
02436818
02437242
02444597
02447914
02449527
02452235
02452407
02452557
02452944
02454205
02454712
02455370
02455890
02456020
02456144
02456292
02456505
02456614
02456614
02456941
02456941
02457192
02457343
02457523
02457671
02457844
02459141
02460257
02463017
02463257
02463535
02466306
02466486
02466737
02467230
02467453
02468420
02468564
02468721
02468849
02469904
02470006
02470917
02471362
02472093
02472626
02477456
02479404
02480684
02480958
02482558
02484743
02486392
02486392
02486512
02487025
02487408
02488014
02488589
02488856
02488856
02489153
02489417
02489986
02490159
02490546
02492311
02494483
02494832
02495012
02495565
02495653
02495739
02495896
02496283
02497847
02498011
02499908
02500005
02500687
02501036
02501241
02501466
02501685
02501834
02502037
02502147
02502345
02502711
02503235
02503473
02503969
02505278
02505793
02505914
02506268
02506424
02506927
02507387
02508185
02509666
02510211
02510211
02510790
02511007
02511255
02511456
02511717
02511830
02512010
02512195
02512573
02512742
02512927
02513113
02513727
02515522
02517217
02518714
02519853
02520547
02527482
02527819
02529450
02529619
02535833
02536436
02536602
02536865
02537291
02538124
02538261
02539573
02541123
02541382
02543308
02543626
02544431
02545352
02545454
02545848
02545959
02546266
02546367
02547977
02548492
02548492
02548720
02548878
02550045
02550045
02550478
02550634
02550969
02551275
02551275
02551636
02551772
02552573
02552743
02552922
02553283
02553916
02554119
02554285
02554407
02554590
02554745
02555993
02556841
02557529
02557749
02558146
02559125
02560505
02563998
02564529
02564637
02564777
02565990
02565990
02566249
02566249
02569242
02569775
02571602
02572142
02572443
02572443
02573062
02573337
02573434
02573832
02577166
02577426
02577683
02577816
02582195
02588127
02588535
02588535
02589224
02589865
02590043
02590043
02591445
02595401
02595732
02596228
02596823
02597066
02598049
02600830
02605001
02607805
02610484
02610635
02626293
02626546
02631740
02631997
02633302
02635471
02638434
02638648
02639795
02644022
02644290
02644528
02646137
02648898
02649505
02649658
02649824
02649956
02650119
02653599
02663315
02664128
02664525
02664648
02664812
02664945
02665057
02665300
02665436
02665619
02665734
02666520
02669418
02671359
02673478
02673617
02673757
02673959
02677669
02677976
02684649
02690276
02705625
02705783
02705946
02708368
02708534
02708690
02708878
02709149
02709292
02710477
02712676
02713111
02713983
02714161
02718118
02724053
02730133
02730942
02731589
02731919
02732039
02732260
02732418
02754634
02756307
02758570
02760892
02762516
02762779
02763140
02764539
02764935
02765073
02765212
02775199
02775438
02775600
02775741
02775858
02775977
02776320
02776493
02777522
07499405
07521808
07552873
07557311
07558421
