00007347
00007846
00007846
00015568
00017402
00021445
00023451
00023953
00024900
00026390
00026390
00027365
00028468
00029976
00032912
00034512
00035660
00039000
00039311
00039601
00041926
00042478
00042637
00043933
00046648
00046918
00047263
00050729
00059428
00059563
00060196
00065918
00067036
00067456
00067456
00067721
00067973
00068217
00068346
00068346
00068527
00068527
00068810
00069153
00069993
00070264
00070505
00070635
00070738
00070897
00071035
00071282
00071627
00071785
00072888
00078239
00078676
00078801
00079356
00079838
00080032
00082392
00084549
00084795
00086039
00086252
00086498
00086649
00087117
00087474
00087629
00089301
00089301
00089545
00089847
00089847
00090054
00090171
00090477
00090711
00090896
00091073
00092797
00093032
00093483
00093667
00093826
00094174
00094303
00096322
00096693
00096791
00097671
00097789
00097789
00097942
00103599
00117507
00118398
00118630
00119265
00119372
00119553
00125700
00126256
00126449
00127404
00127706
00127841
00127971
00128351
00128492
00130347
00136131
00138898
00139041
00139776
00141472
00141720
00141847
00143485
00144705
00145265
00145452
00145844
00148007
00148415
00149473
00149582
00149656
00149798
00149904
00150328
00151411
00151582
00151752
00151907
00152134
00152229
00152317
00152317
00152734
00152838
00153050
00153158
00153339
00154629
00154781
00154781
00155053
00155253
00155509
00155714
00155905
00156118
00156307
00156790
00156939
00157113
00157632
00162063
00162423
00162559
00162708
00163453
00163868
00164054
00164227
00164451
00164600
00164973
00165820
00165999
00166119
00166384
00169479
00169868
00169968
00176023
00177976
00178632
00178873
00181262
00181811
00181811
00182040
00182222
00182630
00183284
00183420
00184089
00184206
00184354
00184354
00184844
00184984
00185211
00185350
00185501
00185651
00185830
00191991
00192829
00193149
00195263
00195494
00196043
00196264
00196418
00196787
00196933
00197334
00197334
00198078
00198621
00198967
00199119
00199300
00199300
00199480
00199642
00199642
00199768
00199979
00200556
00200890
00202772
00203133
00203469
00203665
00204191
00204498
00204602
00204602
00204871
00205048
00205183
00205288
00205928
00206198
00206740
00206979
00207151
00210295
00210395
00210638
00210792
00211789
00211959
00213054
00213657
00213657
00213901
00214035
00214192
00214561
00214561
00214770
00216181
00216181
00216401
00216550
00216905
00217041
00217041
00217474
00217590
00217881
00217881
00218366
00218366
00218460
00218640
00218912
00219075
00219294
00219879
00220890
00221086
00221276
00221389
00223352
00223633
00223806
00224135
00224229
00224442
00226017
00226974
00227378
00227578
00227818
00228004
00229150
00229402
00229778
00230127
00230127
00230454
00230555
00230681
00230681
00230801
00231039
00231191
00234481
00234662
00234847
00234972
00235144
00235542
00236302
00237061
00237688
00237820
00237945
00238736
00238889
00239891
00240097
00240350
00240350
00240533
00240633
00240777
00241051
00241805
00242112
00242374
00242870
00243013
00243298
00248930
00249844
00251126
00251880
00253937
00257487
00257613
00257982
00258095
00258095
00258335
00259697
00260894
00261337
00261465
00261872
00262101
00265035
00265209
00265618
00265756
00265962
00266836
00266993
00267489
00267650
00271644
00271763
00277033
00280679
00280679
00281430
00281697
00282894
00283971
00283971
00284294
00284412
00285985
00286231
00286401
00287801
00291120
00293825
00294760
00295034
00295712
00296016
00296527
00298987
00298987
00299177
00314328
00315097
00315295
00320002
00320765
00325210
00327266
00328650
00328841
00329328
00329711
00330053
00330861
00330986
00331810
00332481
00332776
00347122
00352311
00352464
00353157
00354075
00354295
00354608
00354818
00355009
00355409
00355710
00356078
00356745
00357025
00357025
00357193
00357447
00359757
00361311
00361583
00362758
00362929
00363084
00363181
00364086
00364614
00365086
00365266
00365426
00365613
00366057
00366155
00366297
00366535
00367672
00367892
00368378
00368378
00372122
00372821
00373415
00373785
00373938
00374352
00374871
00375032
00375485
00376871
00378877
00379104
00379287
00379514
00379793
00380230
00380230
00380396
00380562
00380891
00381376
00381504
00382134
00382375
00382488
00384760
00386599
00386972
00387153
00387258
00387361
00387484
00387723
00389018
00389200
00389943
00390116
00390316
00391389
00391543
00392407
00393517
00393656
00393758
00395050
00395293
00395418
00395611
00395825
00396007
00396141
00396311
00396605
00397450
00400891
00402591
00403343
00403479
00403900
00404142
00404274
00404604
00404732
00404991
00405224
00410304
00410662
00410782
00410956
00412397
00412872
00416689
00419407
00419628
00419800
00421707
00426454
00426618
00427931
00428583
00428856
00428985
00429255
00430033
00430307
00430425
00430698
00430934
00431125
00431125
00431591
00431990
00432277
00432492
00432833
00434053
00434156
00439983
00440224
00453279
00453758
00453888
00454150
00454337
00454420
00454502
00454655
00454755
00454755
00455145
00455145
00456623
00457223
00462672
00462843
00464177
00464307
00484946
00489236
00490486
00491361
00491580
00492048
00492172
00492377
00492724
00494042
00494319
00495779
00498547
00498724
00498830
00498935
00499097
00499231
00499839
00499958
00500077
00502733
00507565
00507669
00508684
00508684
00510717
00512828
00524569
00534959
00556685
00557350
00570935
00576402
00580371
00582278
00582554
00582809
00583425
00584126
00584283
00584498
00585404
00585404
00585928
00586055
00586211
00586211
00586697
00586697
00586847
00587142
00587299
00587299
00589510
00589635
00589740
00589817
00589918
00590035
00590140
00590254
00590355
00590452
00590531
00590633
00590728
00590806
00590985
00591162
00591263
00591384
00591498
00591633
00591741
00591921
00592028
00592121
00592226
00592351
00592561
00592638
00592737
00592840
00592973
00593116
00593217
00593314
00593407
00593482
00593561
00593650
00593767
00593910
00594223
00594334
00594504
00594627
00594728
00594847
00594952
00595059
00595185
00595261
00595375
00595489
00595592
00595695
00595853
00595951
00596068
00596147
00596261
00596448
00596525
00596660
00596799
00596900
00597009
00597196
00597308
00597405
00597508
00597611
00597707
00597807
00597922
00598647
00598744
00598843
00598936
00599072
00599171
00599330
00599433
00599793
00599882
00599983
00600085
00600179
00600349
00600444
00600587
00604981
00605110
00605246
00605343
00605436
00605539
00605638
00605809
00605926
00606025
00606138
00606361
00606464
00606545
00606626
00606731
00606830
00606927
00607024
00607121
00607234
00607485
00607485
00608190
00608300
00608408
00608890
00609152
00609277
00609277
00609380
00609469
00610057
00610057
00610164
00610427
00610504
00610691
00610774
00610937
00611136
00611221
00611221
00611490
00611641
00611860
00612006
00612006
00612411
00612720
00612720
00612961
00612961
00613161
00613161
00613259
00613259
00613447
00614569
00614760
00615106
00615260
00615511
00615776
00616017
00616298
00616469
00618932
00619105
00619229
00619359
00619504
00619676
00619776
00619882
00619974
00621664
00621664
00621794
00632621
00634960
00637704
00638388
00648513
00652331
00652419
00652774
00652913
00653056
00656128
00656783
00656970
00657121
00657535
00657767
00659325
00660039
00660189
00662026
00662026
00662200
00662200
00666092
00666322
00666464
00666601
00666719
00666922
00671946
00695934
00700989
00716196
00717095
00717095
00719845
00721583
00723312
00723504
00723730
00729939
00729939
00730147
00730147
00730273
00730406
00730583
00730776
00740568
00745120
00745302
00752488
00752872
00753122
00753287
00753774
00759528
0075987
00760325
00769315
00772032
00772323
00772486
00773093
00774536
00774891
00775311
00775604
00776783
00776957
00776957
00777199
00777199
00778229
00782543
00783009
00783134
00783339
00784283
00784853
00785181
00785556
00785737
00785925
00786042
00786252
00786409
00786588
00786699
00786917
00787849
00788541
00788715
00788872
00788961
00789119
00789493
00789668
00789758
00790023
00790134
00790293
00790427
00790634
00790898
00791195
00791396
00791567
00791747
00791866
00792739
00796028
00797381
00797858
00797976
00798247
00798247
00798428
00798547
00798868
00799022
00799129
00799242
00799384
00799539
00803899
00804290
00804446
00804623
00805278
00805841
00805932
00806040
00806196
00806369
00806570
00806695
00806998
00807736
00808563
00809429
00809843
00810146
00810275
00810428
00810628
00810735
00810862
00811034
00811126
00811126
00811363
00811547
00811687
00811895
00812259
00812259
00812455
00812697
00813016
00813016
00813152
00813322
00813322
00813486
00813582
00813716
00813815
00813935
00816834
00816981
00819341
00819831
00820023
00820685
00820935
00821185
00821302
00821417
00821519
00821893
00822382
00825193
00825411
00825545
00825715
00826469
00826853
00828671
00829299
00829443
00829743
00829898
00830123
00830220
00830365
00830651
00830651
00830831
00831039
00831382
00831760
00832109
00832852
00833443
00836693
00839759
00839759
00840028
00840028
00840477
00840684
00840824
00841439
00842178
00842291
00842412
00842752
00842958
00843289
00843438
00843562
00844080
00844180
00844258
00844353
00844789
00845915
00846839
00859826
00859826
00860015
00860527
00860679
00869874
00870588
00875745
00876135
00876299
00876484
00876924
00877349
00877516
00880604
00884975
00885880
00885989
00886144
00887536
00887717
00887950
00888377
00888485
00888759
00889380
00891150
00891360
00891438
00891739
00891825
00892751
00895178
00895516
00895653
00896057
00896250
00897199
00897577
00897681
00897812
00897926
00910607
00911494
00911597
00911901
00912746
00912746
00913288
00913403
00913583
00913736
00913832
00913996
00914407
00914564
00914653
00915105
00915258
00915536
00916626
00916760
00917178
00917328
00917405
00917477
00917553
00917978
00917978
00918116
00918116
00918295
00918295
00919042
00919445
00919445
00919573
00920103
00920103
00920197
00920634
00920790
00921210
00921327
00921691
00921876
00922025
00922171
00923344
00923604
00923604
00923740
00924141
00924541
00924662
00924782
00924944
00925258
00925258
00925616
00926528
00926639
00928483
00928738
00928877
00942228
00942376
00942525
00944615
00947217
00947593
00947732
00947876
00948248
00948345
00948466
00948622
00948944
00949412
00949535
00950022
00950684
00950950
00951435
00951878
00951878
00952059
00952181
00952328
00952467
00952816
00952816
00952969
00953148
00955391
00955521
00955670
00958451
00958596
00960588
00961007
00961911
00962799
00964240
00964240
00964678
00965352
00965558
00965860
00966007
00966007
00966216
00966454
00966680
00967294
00967515
00967999
00968608
00968822
00969726
00969884
00974725
00975181
00976310
00976444
00976530
00976848
00977160
00977356
00977538
00977538
00977744
00977867
00978041
00978617
00978784
00979039
00979387
00980259
00980499
00982124
00982286
00982480
00982865
00989024
00995574
00995873
00998266
00998759
00998911
00999979
01000138
01000271
01000365
01000456
01000546
01000710
01000924
01001031
01003756
01003865
01003950
01004107
01004226
01004355
01004496
01004619
01004814
01004898
01005055
01005214
01005512
01006319
01006524
01006717
01006903
01007042
01007226
01007415
01007521
01007899
01016008
01016432
01016549
01016673
01016932
01017493
01017631
01017938
01018143
01018362
01018690
01019929
01020308
01020572
01023521
01023831
01023950
01024120
01024425
01025184
01025578
01025762
01026334
01026585
01026753
01027353
01028133
01028258
01028424
01028839
01029173
01029321
01029604
01030024
01030323
01038810
01038935
01039028
01039501
01039609
01039742
01042975
01043143
01043530
01044000
01044796
01045725
01050621
01050836
01051190
01051399
01051609
01051916
01052111
01052551
01052796
01053006
01053145
01053255
01053725
01054139
01054296
01054374
01054542
01054663
01054777
01054991
01055131
01055328
01061824
01063127
01064179
01064507
01064741
01065863
01065863
01066072
01066072
01066392
01066537
01066682
01066787
01067210
01067365
01068087
01068087
01068469
01068613
01068613
01068805
01069286
01069501
01069743
01069936
01070347
01070697
01071049
01071502
01071701
01071791
01071904
01072356
01072632
01072816
01073996
01074326
01074489
01075919
01076176
01076422
01077491
01078283
01078412
01079274
01081986
01083552
01083791
01083985
01087717
01087861
01088005
01088005
01088280
01088496
01088668
01088869
01090092
01091407
01091559
01091702
01091702
01091942
01092041
01092149
01095889
01096649
01099024
01099024
01100309
01100446
01100603
01100603
01100873
01101014
01101136
01101341
01101341
01101673
01101851
01102052
01102178
01102563
01103019
01103019
01103132
01103132
01103234
01103234
01103476
01103566
01103658
01103863
01103863
01104161
01104341
01104479
01104617
01104767
01104905
01105064
01105693
01105693
01105869
01105869
01106079
01106229
01106229
01106311
01106311
01106449
01106542
01106542
01106943
01107164
01107164
01107540
01107642
01107814
01108177
01108365
01108492
01109454
01110658
01110876
01112538
01113655
01113857
01114037
01114037
01114194
01115160
01116568
01116756
01116934
01117127
01117669
01117910
01118055
01118187
01118347
01118527
01118681
01118787
01119017
01119289
01119485
01119639
01119775
01119862
01122580
01122669
01125259
01125416
01126829
01128014
01128280
01128472
01128885
01129030
01129177
01129340
01129566
01129700
01129944
01129944
01130195
01130221
01130458
01130619
01131853
01135427
01135602
01136081
01136254
01136358
01136565
01136651
01136800
01137182
01137850
01138273
01139918
01140991
01141515
01142350
01142792
01142979
01143914
01144050
01144162
01144335
01144645
01144645
01144840
01147389
01147528
01147732
01147872
01147872
01148201
01148418
01148552
01148801
01149089
01149089
01149281
01149648
01149964
01150463
01150778
01150893
01150986
01151109
01151610
01153157
01154795
01155634
01157952
01158209
01162657
01162657
01162829
01163504
01163648
01163898
01164122
01164308
01164552
01164866
01165019
01165162
01165418
01168027
01168182
01169636
01169875
01170200
01170337
01170442
01170859
01171059
01171451
01171807
01172234
01172537
01172810
01173303
01173452
01179421
01179523
01179817
01180193
01180685
01180905
01181340
01181494
01181657
01181883
01182417
01183047
01183208
01183348
01183556
01183702
01183965
01184392
01185144
01187304
01187304
01187782
01188101
01188887
01189068
01189300
01189953
01190110
01190300
01193481
01194465
01194640
01194953
01196821
01197394
01198357
01199748
01200418
01201240
01202187
01203761
01204674
01205394
01205984
01206166
01206166
01206545
01206784
01206909
01207201
01207201
01207335
01207335
01207500
01207646
01207831
01208054
01208192
01208317
01208451
01208643
01208643
01209043
01209476
01209677
01212453
01212929
01215009
01215372
01215372
01215724
01215896
01216038
01216192
01216376
01216661
01216661
01216898
01217047
01217047
01217236
01217526
01217658
01217882
01217882
01218209
01219989
01221083
01222041
01222825
01224100
01224279
01224822
01224966
01224966
01225155
01225521
01225632
01226520
01227006
01227317
01227403
01227516
01228051
01228272
01228272
01228486
01228486
01228670
01228670
01232427
01232772
01233339
01233454
01234251
01234384
01234545
01238738
01238738
01238861
01239512
01239980
01242433
01242629
01243544
01244711
01244711
01244901
01245086
01245263
01245509
01246000
01246221
01247140
01247140
01247442
01247608
01247865
01248165
01248881
01249088
01249960
01250194
01250354
01251299
01252030
01252203
01252403
01260222
01260381
01260931
01260931
01262862
01265067
01265206
01265361
01269438
01270081
01273121
01278427
01280248
01283647
01288060
01304940
01305174
01305426
01305743
01306230
01307120
01307311
01307638
01307801
01308042
01308498
01308849
01309227
01309402
01309581
01309790
01310499
01310751
01310929
01311159
01311600
01311886
01312298
01312565
01312838
01313027
01313280
01313536
01313835
01315584
01316879
01317154
01317272
01317401
01317704
01317821
01318072
01318296
01318779
01318913
01319440
01320032
01320407
01320969
01321151
01321385
01321492
01321678
01321958
01323363
01323721
01323947
01324070
01326240
01326422
01326783
01326946
01327251
01327440
01327557
01327701
01386537
01386805
01461483
01467485
01468898
01817851
01897860
01902008
01904915
01908302
01911599
02078264
02155392
02155533
02155643
02159858
02159937
02161624
02197909
02313712
02319677
02387510
02454206
02465233
02465459
02466034
02466242
02466544
02466854
02668173
02669573
02671023
02673012
02673565
02674410
02674410
02678841
02680290
02681382
02688444
02690282
02690680
02694015
02695091
02697938
02699243
02699428
02699702
02699881
02700895
02702774
02702923
02703117
02706134
02709232
02710542
02711083
02711744
02714281
02718852
02719116
02720812
02720995
02721170
02721380
02721722
02722016
02722205
02722361
02722499
02722661
02723650
02724085
02724463
02726090
02726217
02726520
02726679
02727132
02727458
02728167
02728292
02728942
02729230
02729606
02729786
02731365
02731365
02732699
02732781
02732781
02735077
02737730
02741036
02741036
02745327
02746431
02748616
02749370
02752795
02753174
02753840
02755922
02756574
02759103
02759103
02760342
02762392
02764562
02764701
02765914
02766609
02768252
02769325
02771231
02776042
02777157
02778364
02779636
02781674
02782458
02782868
02784787
02785352
02794293
02795432
02797179
02799001
02799187
02805104
02806515
02810177
02810708
02811158
02811345
02811830
02816679
02817909
02818206
02823567
02825078
02825199
02825721
02826570
02830790
02833341
02836345
02840916
02843139
02844544
02849379
02855302
02857415
02859205
02861626
02864626
02868554
02869918
02873453
02874241
02874886
02877328
02879899
02882551
02884638
02885431
02885724
02886585
02891211
02896954
02901103
02907830
02908937
02909211
02915411
02916498
02918159
02918337
02918545
02922348
02924042
02924976
02927500
02929672
02930545
02936496
02938025
02938272
02941898
02942270
02942982
02943283
02944161
02944550
02950393
02952978
02953454
02956234
02961191
02964339
02965287
02965497
02965850
02966939
02968295
02969069
02978156
02978671
02980517
02982340
02983121
02984483
02989418
02995302
02997001
03002303
03004719
03009373
03009709
03011048
03016551
03018908
03030791
03039700
03040454
03043812
03044572
03046475
03047158
03047259
03047783
03048151
03051338
03052583
03055525
03056449
03058296
03065214
03068121
03069067
03071694
03071814
03073217
03073756
03075556
03079101
03079252
03080415
03084501
03084637
03086983
03086983
03089823
03091491
03093036
03094080
03097112
03099154
03103925
03107305
03109245
03113684
03117803
03118308
03118486
03118692
03118887
03120176
03121850
03122427
03122997
03130521
03131578
03133170
03140439
03143992
03145082
03146856
03150741
03152175
03152990
03154476
03159112
03160945
03162653
03170786
03173599
03173729
03173937
03175894
03178053
03179116
03179495
03179967
03180123
03180750
03181260
03182666
03182982
03186565
03192435
03193215
03193663
03194502
03195970
03201008
03202907
03205590
03211439
03211629
03215404
03218754
03220452
03221531
03222161
03223838
03224065
03229596
03229941
03230161
03235863
03236179
03238608
03238608
03244429
03249778
03250592
03253263
03254045
03256236
03256469
03256767
03260735
03261768
03262046
03262580
03264208
03265207
03265436
03267052
03268041
03270665
03277972
03278824
03280036
03280222
03281750
03284064
03285127
03285724
03288430
03289219
03291483
03292644
03292644
03296730
03296996
03301892
03303663
03306334
03309550
03311330
03321219
03321351
03327515
03327885
03331316
03336950
03345868
03352577
03356108
03358127
03358928
03359053
03364412
03366143
03372256
03382091
03382428
03385972
03389013
03389737
03392499
03397595
03402783
03410505
03410635
03417421
03417584
03418338
03418738
03419072
03420273
03423152
03423924
03428478
03431044
03434198
03435328
03437989
03438787
03438787
03441327
03443167
03444738
03447680
03454395
03454508
03455918
03456417
03459155
03460586
03461130
03462844
03468764
03474955
03476596
03478827
03479089
03479290
03479590
03480946
03481206
03482114
03483839
03484204
03484349
03484585
03490738
03494245
03495425
03497492
03498765
03499012
03507653
03510908
03512385
03513107
03515727
03517291
03517768
03517974
03519105
03519273
03519595
03520663
03521097
03527402
03528796
03529605
03529754
03533280
03533443
03533703
03534809
03540609
03544726
03545775
03547513
03547785
03549540
03549540
03550330
03553582
03558666
03559640
03561991
03567306
03568138
03571171
03571735
03571910
03572654
03576306
03576776
03579706
03582481
03582987
03584150
03586294
03587827
03588790
03591929
03593043
03593215
03594138
03594500
03595775
03599710
03601980
03601980
03602340
03602662
03603109
03607775
03608655
03608935
03610286
03610935
03611464
03612969
03614360
03616049
03619741
03621434
03626682
03631234
03632216
03634275
03634934
03637001
03637213
03639325
03641940
03643494
03648463
03652834
03655123
03658702
03660621
03661046
03661337
03661700
03666369
03666947
03674693
03681501
03686268
03690633
03691984
03696264
03696454
03697705
03702341
03702700
03705309
03706974
03707787
03709749
03710179
03711347
03713964
03714211
03714745
03714993
03716067
03718793
03721866
03722670
03727081
03733096
03739135
03739416
03741128
03742300
03745009
03745009
03745184
03745652
03751821
03756239
03757081
03758012
03758568
03759355
03762667
03766479
03769811
03770530
03772043
03774770
03775851
03783835
03784903
03787963
03789586
03791032
03791727
03795479
03795479
03799669
03805132
03806455
03806893
03818464
03818716
03820446
03821022
03823541
03824587
03824876
03825694
03827711
03830620
03832647
03838605
03841102
03842219
03844055
03845191
03846343
03847532
03847676
03851070
03855199
03856133
03856644
03857800
03858543
03859108
03861532
03862676
03863703
03864800
03865015
03865478
03865754
03871854
03874321
03875363
03876761
03877049
03877694
03881633
03884115
03885551
03886020
03886467
03892129
03893209
03895671
03896211
03903217
03904633
03906272
03907307
03908052
03908560
03909050
03910901
03913013
03913773
03915954
03918940
03919821
03921556
03922150
03922504
03922700
03923170
03924196
03925552
03926763
03927111
03929501
03930654
03930933
03933114
03937889
03941166
03942742
03943819
03946989
03947507
03947693
03950414
03953387
03957489
03957729
03958852
03958972
03959692
03961891
03962433
03963198
03970107
03971038
03972657
03973894
03980303
03980428
03985458
03985850
03988788
03989754
03989857
03997420
03998195
04000366
04000366
04000972
04002774
04003842
04003842
04005225
04005518
04005638
04006350
04006669
04008384
04010358
04010851
04012787
04012960
04015928
04021598
04022302
04025495
04029643
04032142
04037322
04037642
04042631
04046324
04047719
04047920
04048114
04053903
04055061
04055187
04055553
04055680
04056091
04056210
04057178
04057522
04060620
04060879
04063401
04064547
04066269
04068016
04071513
04077527
04077657
04077839
04081297
04081594
04081594
04083028
04083645
04085686
04088393
04088811
04090912
04093775
04094049
04095341
04099721
04100719
04102671
04106523
04111594
04115231
04119748
04120500
04121287
04124183
04125729
04135920
04138291
04138582
04139437
04141422
04146942
04147918
04149040
04152387
04153115
04154560
04155350
04165063
04169042
04172470
04172612
04173614
04174820
04175901
04176768
04179168
04179403
04179668
04180107
04182208
04187949
04190372
04190559
04191643
04193094
04193311
04199564
04201332
04203545
04207843
04209035
04209460
04217355
04219037
04221349
04224030
04224613
04228653
04228890
04234432
04235484
04239800
04240233
04242397
04242752
04244529
04245234
04247204
04248377
04250270
04251069
04253188
04254139
04256314
04259763
04260547
04264643
04266474
04266881
04266881
04267926
04268226
04271875
04272024
04272778
04273014
04273124
04273124
04273272
04273485
04278641
04278750
04278903
04279164
04280183
04280404
04281805
04285889
04287844
04287983
04291140
04292941
04302709
04307218
04307496
04310495
04310635
04311353
04313085
04317295
04318733
04322582
04324313
04325689
04333222
04335841
04336084
04342831
04344538
04345614
04347599
04350818
04351812
04353589
04356155
04356779
04357425
04358628
04368468
04371632
04371632
04371914
04372571
04372838
04377687
04378861
04383013
04383963
04386330
04387051
04389624
04389967
04392166
04394793
04395830
04398245
04399200
04403010
04406517
04407244
04407424
04408034
04411547
04414821
04417895
04418021
04418154
04424315
04424496
04424944
04426208
04428552
04429007
04430980
04435769
04440934
04444126
04444514
04444927
04445087
04446256
04449036
04450391
04453296
04454577
04455013
04458744
04458907
04459089
04460427
04461511
04463707
04465280
04469475
04471218
04473168
04474542
04475240
04475942
04476238
04477048
04479147
04486761
04488251
04491181
04492036
04495252
04500554
04505257
04506168
04506475
04513300
04516099
04516887
04522739
04523411
04524703
04529158
04529463
04531608
04534770
04535649
04535925
04537861
04538393
04539317
04545544
04553881
04556408
04557470
04558924
04559634
04562686
04562986
04564934
04567399
04567578
04568834
04571564
04573543
04575032
04583497
04583497
04586342
04587081
04587584
04588881
04589491
04594218
04594707
04599016
04604179
04606119
04606723
04607639
04608239
04608649
04608945
04609048
04609296
04611230
04616593
04617370
04620912
04621053
04621296
04629772
04630029
04630129
04643967
04645532
04645829
04647533
04647713
04647895
04647895
04648079
04648079
04648187
04659534
04659702
04667893
04668162
04668338
04668508
04668903
04669283
04669539
04669640
04669747
04670308
04670851
04671120
04671415
04671985
04672135
04672900
04695407
04696799
04720011
04720254
04720394
04720608
04720704
04740358
04742951
04750006
04756076
04756532
04756661
04756794
04756982
04757437
04759289
04759476
04763038
04763427
04763759
04763890
04763890
04764142
04764777
04765119
04765568
04765707
04765707
04766031
04766031
04766235
04766389
04775267
04775425
04797984
04806382
04811700
04811860
04812175
04836781
04838958
04840182
04840507
04841836
04842048
04842719
04847242
04847516
04848476
04848589
04865686
04865863
04866016
04866016
04866408
04866554
04866680
04866867
04867047
04867047
04868717
04869236
04869613
04869823
04870119
04870305
04870906
04871024
04871200
04871431
04872247
04889817
04894076
04895107
04897307
04897556
04897741
04898060
04898205
04902441
04902753
04910990
04911339
04911529
04952234
04952431
04952431
04952707
05058400
05058752
05059047
05059538
05059983
05060193
05060366
05062014
05112565
05113045
05113179
05117108
05119135
05119515
05120433
05120762
05121671
05124253
05124706
05160767
05161042
05161144
05161361
05184373
05189243
05189348
05189425
05189508
05189622
05189720
05189831
05202630
05209765
05210222
05210475
05210665
05210917
05211411
05211584
05211905
05212250
05212488
05212608
05212805
05214620
05215114
05215231
05219061
05219242
05226173
05227735
05228942
05229188
05229760
05229884
05230083
05232383
05232895
05235198
05244557
05261661
05274844
05284599
05305022
05432023
05439161
05477841
05500955
05545439
05556473
05557463
05560240
05561251
05563958
05564105
05564576
05565133
05566350
05566656
05566889
05567360
05568264
05569467
05570389
05570535
05585285
05602838
05605349
05609513
05611777
05619057
05619605
05619850
05620141
05624029
05624569
05624738
05624890
05625389
05625839
05626076
05626632
05626842
05627009
05627128
05627336
05627526
05628077
05628251
05628738
05628961
05629222
05629222
05629591
05629729
05629859
05629979
05633662
05634307
05634401
05634550
05634712
05634866
05635005
05635168
05635297
05635465
05635568
05636348
05637164
05637465
05637928
05638322
05638517
05638657
05638859
05638958
05639087
05639232
05639464
05639624
05639839
05639958
05641230
05642064
05642302
05643893
05648278
05648278
05648574
05648769
05649277
05649401
05649679
05649804
05650020
05650792
05651035
05652372
05652767
05658174
05658424
05658424
05658665
05658913
05659087
05659244
05659244
05659525
05659816
05660241
05660438
05662207
05662718
05665563
05666071
05666448
05668113
05675040
05681752
05681978
05682974
05683281
05683445
05685793
05685989
05686141
05688958
05690411
05690621
05690773
05691020
05691020
05691195
05691387
05691808
05692245
05692366
05692544
05692644
05692835
05693168
05694286
05703519
05705328
05708052
05708590
05708758
05708890
05709072
05709174
05709328
05709685
05712213
05712213
05712497
05712641
05712641
05713022
05713131
05713302
05713669
05714175
05714322
05714494
05714576
05714576
05714901
05716379
05716765
05717967
05718634
05718807
05719450
05720023
05729127
05729937
05730374
05732639
05732910
05733082
05733214
05734038
05734182
05734290
05740701
05741528
05741963
05742233
05742326
05742422
05742504
05742854
05743734
05743947
05760541
05760918
05761204
05761376
05761561
05761951
05762727
05762896
05763153
05763153
05763390
05763880
05764200
05767014
05768199
05768608
05768748
05768874
05769377
05769556
05769915
05770845
05770995
05770995
05771409
05771764
05771913
05772970
05778923
05779529
05779833
05780353
05781404
05781545
05792565
05792704
05792836
05800018
05800200
05800320
05800454
05800850
05801008
05802197
05802702
05804758
05804945
05805185
05806871
05811387
05811755
05811946
05812144
05812282
05812499
05813910
05817200
05824413
05840588
05840945
05841069
05841346
05855459
05900033
05900179
05901034
05901258
05901487
05901598
05901868
05902260
05902523
05904072
05904195
05904330
05904666
05905340
05907175
05908049
05910115
05910447
05910608
05910921
05911139
05918179
05919047
05919534
05919849
05920993
05921146
05921146
05921408
05923185
05924749
05924900
05925114
05943778
05944010
05944099
05944253
05944435
05948932
05949406
05950141
05950822
05951187
05951428
05951737
05951915
05952149
05953535
05953807
05953807
05954076
05954232
05954357
05954491
05954938
05955083
05955255
05955536
05955536
05957131
05957404
05957583
05957724
05958203
05958339
05958593
05959600
05959939
05960047
05960190
05960433
05960559
05960687
05960836
05961066
05961234
05961357
05961545
05961696
05961846
05962671
05963348
05963539
05963674
05963761
05963962
05971968
05989760
05990115
05990431
05990533
05990653
05990909
05991037
05991605
05991800
05995707
05995833
05996168
05996282
05996407
05996535
06008975
06009578
06009822
06075369
06075622
06075817
06133966
06135149
06145257
06145366
06145709
06151569
06152312
06152605
06162204
06162291
06163204
06166450
06182218
06182505
06202938
06207399
06207693
06208048
06214358
06216535
06216764
06222574
06223441
06223643
06223773
06224132
06224333
06224497
06225913
06226161
06226742
06226885
06227040
06227255
06227401
06227594
06227743
06227881
06228099
06228245
06228396
06228560
06228761
06229122
06229245
06229360
06229558
06229656
06229820
06230144
06230244
06230394
06230561
06231169
06231268
06231430
06231735
06233395
06234419
06236188
06240471
06246956
06248001
06249785
06250061
06250374
06253226
06253477
06253705
06254093
06254279
06254682
06254982
06255214
06255592
06263820
06264137
06264137
06264369
06264501
06277798
06278217
06278308
06278411
06278546
06278749
06279220
06279437
06279667
06279783
06280438
06280609
06280782
06283265
06286287
06286940
06287054
06289979
06290458
06291000
06367301
06367706
06367922
06367922
06368162
06368711
06368831
06369221
06369392
06369566
06369718
06370154
06370307
06370503
06370600
06384937
06385136
06385268
06385771
06413674
06413845
06417960
06427062
06432944
06433328
06434286
06434383
06435139
06437949
06437949
06438138
06438325
06438535
06478678
06482359
06483016
06483696
06483913
06488412
06490123
06490253
06490253
06490405
06490659
06490875
06491045
06491165
06491336
06492177
06492177
06492394
06492827
06492827
06492991
06501401
06501959
06512928
06513613
06513739
06513909
06520807
06521066
06521201
06523387
06523753
06524571
06525357
06525755
06528586
06530059
06530710
06532213
06532935
06532935
06533869
06534110
06534348
06534492
06534624
06534775
06534932
06535123
06535344
06535464
06535632
06535833
06535960
06536102
06536269
06536445
06536543
06536758
06536926
06537123
06537579
06537804
06537995
06538282
06538477
06538610
06538952
06539311
06539438
06539567
06539701
06539842
06540394
06540774
06541210
06542780
06543472
06543648
06543899
06544086
06544321
06544321
06544901
06545030
06545288
06545475
06545639
06545854
06546539
06548844
06550096
06550206
06550403
06550646
06550776
06550886
06551761
06552275
06552518
06552693
06553158
06553372
06553717
06553811
06554038
06554258
06555772
06556133
06556423
06556832
06557128
06557519
06558399
06558624
06560662
06561652
06561652
06562037
06562197
06562372
06562543
06562754
06562882
06563061
06563330
06563489
06563618
06563775
06564805
06564975
06568472
06568472
06571356
06578068
06597067
06600792
06600792
06601855
06605500
06605746
06605872
06606007
06607260
06609182
06609819
06610111
06626039
06626981
06627379
06627569
06627811
06628171
06628280
06628569
06628667
06629313
06629518
06629672
06629920
06630151
06630259
06630373
06631329
06631444
06632258
06634873
06634956
06635102
06635216
06636668
06641368
06641899
06642524
06642524
06642966
06643134
06643359
06643557
06643647
06643829
06644428
06644604
06644865
06645018
06645178
06645314
06645548
06645712
06645870
06645870
06646103
06646103
06646199
06646199
06646403
06646602
06646746
06646746
06650349
06650498
06651052
06651264
06651393
06660952
06661207
06661335
06663446
06663792
06663890
06664047
06664208
06664322
06669153
06669486
06671739
06673141
06673561
06673687
06676053
06676208
06684229
06684382
06684563
06685042
06694296
06694721
06694721
06694897
06695035
06695539
06695697
06695928
06696104
06698201
06698919
06699481
06699923
06700103
06701019
06701870
06702042
06702971
06704187
06704429
06704734
06705317
06705943
06705943
06706615
06706894
06707104
06707285
06707972
06709228
06709754
06709958
06710094
06710094
06710466
06711015
06712793
06713210
06715221
06717503
06717842
06718654
06718747
06718888
06719080
06719256
06719443
06719615
06722381
06724644
06728866
06729056
06729422
06729614
06732886
06733349
06735202
06736384
06736657
06736815
06737512
06738626
06738907
06739510
06740507
06744762
06744918
06746225
06746431
06746531
06749278
06749861
06750911
06751030
06751572
06751762
06752425
06752531
06756201
06758700
06759293
06761683
06763412
06763518
06768978
06769118
06771546
06771774
06775091
06775313
06775422
06776392
06777462
06777578
06777755
06780568
06781319
06781526
06781692
06783066
06783066
06783666
06783960
06784225
06784327
06784454
06784454
06784454
06784758
06784895
06785061
06785262
06785384
06785638
06785807
06785951
06786235
06788939
06789518
06789622
06789716
06789825
06790003
06790003
06790526
06790941
06792908
06793517
06793739
06794438
06794668
06794735
06796455
06805675
06818155
06829793
07032286
07155686
07156027
07182782
07183137
07183274
07184131
07184499
07185118
07185223
07185311
07189892
07190226
07191342
07191464
07191622
07191852
07192432
07192584
07193358
07193652
07194480
07194603
07194603
07194843
07195032
07195447
07195703
07195868
07196018
07196113
07196206
07196595
07196595
07197660
07197811
07198513
07198809
07199985
07200328
07200530
07200808
07201488
07201488
07201810
07201957
07202298
07202433
07203230
07203345
07203790
07205353
07205601
07205939
07205939
07206229
07206356
07206356
07206437
07206789
07206900
07207171
07207321
07207505
07207650
07207844
07207844
07208065
07208256
07208618
07208618
07208953
07209159
07209336
07209471
07209610
07209901
07210064
07210735
07214225
07214474
07214582
07214950
07215187
07216025
07216222
07217239
07217472
07217676
07217786
07218048
07218273
07218770
07219061
07219325
07219482
07219571
07220233
07220606
07221933
07222070
07222660
07222844
07222998
07223225
07223368
07223368
07223749
07223965
07224193
07224625
07224625
07224885
07225213
07225461
07225752
07226034
07226163
07226264
07226412
07226850
07227084
07227892
07228055
07228377
07228927
07229092
07229302
07229554
07229654
07229845
07230037
07230608
07230608
07230743
07231072
07232009
07232442
07232584
07235126
07235754
07236283
07236599
07236710
07237093
07237241
07237388
07238811
07241205
07241501
07241961
07242066
07242432
07242765
07242871
07243009
07243290
07243411
07243631
07243631
07243771
07243905
07244001
07244190
07244407
07244749
07244887
07244980
07245162
07245456
07245619
07245708
07245859
07245954
07246192
07246388
07246500
07246603
07246713
07246849
07246935
07247081
07247315
07247471
07247648
07247874
07247964
07248075
07248202
07248294
07249395
07249995
07250450
07250596
07253354
07253843
07253987
07254088
07254210
07254448
07254737
07255209
07255423
07255865
07256497
07258497
07268935
07269124
07269262
07269262
07269504
07269504
07269695
07269842
07269967
07270069
07270069
07270296
07273332
07283308
07283464
07283672
07283868
07284135
07294392
07294777
07295646
07295804
07298313
07299259
07299741
07300108
07303737
07304081
07304204
07304311
07304554
07304679
07305484
07305628
07306035
07310701
07310808
07311046
07313600
07313821
07314187
07315578
07316161
07316568
07316782
07317454
07322095
07322372
07323507
07323841
07324399
07326158
07329438
07329950
07330231
07330390
07330390
07330565
07330842
07331003
07331203
07331324
07331885
07331969
07332364
07333703
07334902
07335222
07335334
07335612
07335742
07335847
07336372
07344607
07347291
07347464
07347556
07347947
07348106
07348249
07348571
07350316
07350946
07353152
07353281
07353570
07353929
07354253
07354694
07355325
07357963
07358174
07358313
07363470
07363899
07367976
07370091
07375728
07382412
07383246
07383477
07383593
07383806
07383944
07385893
07387877
07396644
07415431
07426692
07429340
07431314
07434392
07449542
07449873
07454483
07458361
07467451
07470961
07471429
07471697
07472625
07472727
07472890
07473003
07473244
07479682
07480247
07480405
07480588
07482844
07485811
07487467
07487797
07491010
07492206
07492371
07492727
07493085
07494665
07495066
07495208
07495208
07495496
07495661
07495806
07495930
07496036
07497091
07497661
07498445
07498762
07499405
07499405
07499687
07500343
07500421
07500615
07501369
07501768
07501768
07502062
07502203
07502317
07502416
07502515
07502515
07502734
07502835
07503095
07503095
07503480
07503707
07503816
07503928
07504015
07504199
07504434
07504688
07504854
07505065
07505182
07505278
07505591
07505719
07505853
07505853
07506178
07506848
07507121
07507310
07507656
07508667
07509503
07509503
07509822
07509927
07510112
07510376
07510467
07510467
07510691
07511018
07511113
07511603
07512613
07512613
07512937
07513215
07513449
07514008
07514093
07514854
07515398
07515980
07515980
07516196
07516332
07516433
07516565
07516659
07516784
07516784
07517161
07517338
07517480
07517626
07517908
07518068
07518219
07518499
07518669
07518669
07518955
07519088
07519497
07519582
07519582
07519768
07519950
07519950
07520080
07520777
07520777
07520915
07521388
07521808
07521808
07522036
07522201
07522337
07523471
07523725
07523725
07523944
07524045
07524235
07524370
07524370
07524564
07524713
07524713
07524811
07524811
07525066
07525066
07525235
07525587
07525734
07526162
07526162
07526319
07527145
07527386
07527704
07528747
07528747
07528950
07529034
07529428
07529584
07529759
07530207
07530207
07530408
07530567
07530799
07531593
07534492
07534492
07535012
07535222
07535351
07535650
07535746
07535851
07536278
07536676
07536802
07536913
07537968
07537968
07538255
07538419
07538525
07538999
07539144
07539144
07539481
07539768
07539999
07540157
07540296
07540606
07540794
07540999
07541241
07541421
07541421
07541577
07541996
07541996
07542300
07542406
07542591
07542591
07542913
07543044
07543205
07543600
07543600
07543858
07544195
07544364
07544633
07544951
07545205
07545866
07546493
07546643
07546924
07547101
07547500
07547664
07547828
07547828
07548220
07548333
07548485
07549366
07549496
07549496
07549666
07549818
07551058
07552456
07552873
07552873
07553056
07553361
07553530
07553783
07554062
07554353
07554755
07555178
07555350
07555469
07556254
07556441
07556441
07556704
07556837
07556946
07556946
07557148
07557311
07557311
07557637
07557821
07558063
07558421
07558421
07558592
07558676
07558676
07559120
07559298
07559427
07559517
07559601
07559739
07559879
07560035
07560035
07560531
07560673
07560785
07560964
07561087
07561327
07561495
07561649
07561759
07561835
07561835
07562232
07562361
07562452
07562607
07562685
07562759
07562939
07563013
07563140
07563271
07563271
07563566
07563690
07563832
07563832
07564033
07564161
07564444
07564444
07564731
07564867
07565002
07565182
07565182
07565445
07565545
07565670
07565835
07566518
07568767
07568767
07569056
07569189
07569430
07570323
07570421
07570421
07570579
07570579
07570749
07571212
07571212
07571340
07571971
07572202
07576217
07581905
07586285
07587918
07686476
07816067
07876605
07897775
07951744
07954553
07967506
07970085
07971162
07971449
07972455
07972455
07975256
07981699
07982754
07983184
07983333
07984994
07986142
07986748
07989688
07991297
07991473
07991473
07992516
07992867
07993043
07993383
08002390
08002508
08003658
08003822
08004022
08004131
08004236
08004345
08007806
08018457
08019020
08019477
08019615
08019748
08019869
08019967
08020061
08020159
08020281
08020531
08020652
08020652
08024893
08075773
08075773
08075961
08076086
08076248
08077282
08079678
08080875
08082070
08082931
08083022
08083153
08083153
08083327
08083327
08083480
08083599
08083801
08083801
08083913
08083913
08084054
08084178
08084296
08084296
08084401
08084401
08084519
08084519
08084637
08084637
08084787
08084787
08084987
08084987
08085211
08085293
08085433
08085527
08085624
08085624
08085760
08085760
08085886
08085886
08086077
08086178
08086323
08086463
08086604
08086714
08086966
08087177
08087301
08087686
08088065
08088352
08088744
08088940
08089123
08089372
08089673
08090536
08090536
08090680
08090680
08090945
08091061
08091166
08091418
08091527
08091715
08091845
08091976
08091976
08092123
08120601
08129368
08129596
08129795
08129942
08130409
08130763
08130876
08158951
08169784
08178376
08178656
08179924
08180172
08180601
08180691
08183086
08183217
08183830
08183945
08184148
08185266
08185877
08186472
08187273
08187434
08194405
08194510
08194876
08199297
08199634
08203679
08204767
08205165
08207684
08215965
08223381
08224130
08224461
08224593
08224784
08226608
08226963
08227175
08227332
08227591
08227756
08227903
08228211
08228396
08228505
08228845
08229448
08230126
08230592
08230738
08230899
08231004
08231193
08231391
08231965
08232169
08232416
08233716
08233821
08235043
08238818
08240723
08242502
08247827
08254784
08255384
08255581
08256943
08257090
08260983
08261267
08261668
08261980
08262093
08262093
08262346
08262470
08262723
08262723
08262957
08263106
08263223
08263223
08263534
08263942
08264073
08264172
08264624
08264737
08264856
08264968
08265078
08265959
08266881
08269132
08273889
08274700
08274892
08275105
08275279
08275444
08275665
08275895
08276077
08276239
08276532
08276674
08276923
08277141
08277307
08277419
08277612
08277882
08278510
08278731
08278879
08279075
08279230
08279415
08279616
08279858
08280034
08280224
08280481
08280654
08280791
08281031
08281124
08281362
08290764
08291275
08291364
08305674
08311316
08322872
08324519
08327239
08335621
08335707
08336128
08336982
08356381
08356633
08356866
08357080
08358966
08371279
08373001
08374919
08375259
08375259
08375419
08377928
08378099
08378256
08378539
08378647
08378744
08378851
08379229
08379382
08379702
08379844
08380033
08380355
08384807
08384807
08389226
08389338
08392296
08400421
08400772
08400932
08401073
08401270
08401469
08402874
08406028
08406169
08406441
08407114
08419179
08421145
08422447
08425514
08431076
08431921
08432084
08432229
08432426
08432731
08438932
08439204
08446124
08455525
08455832
08455920
08456014
08456118
08458195
08470119
08470310
08470475
08470733
08471014
08471456
08471829
08472048
08472282
08472531
08472840
08473358
08473485
08473630
08479216
08480980
08481109
08481612
08487939
08495029
08496106
08496626
08496806
08496905
08497146
08503199
08503316
08506507
08506637
08506775
08506900
08507049
08507209
08507412
08508037
08508255
08508720
08508836
08511143
08516085
08516532
08517241
08517454
08517840
08518010
08518586
08518908
08519072
08519192
08526132
08526463
08526807
08529042
08529808
08531740
08532013
08532123
08532274
08532497
08532605
08558095
08558333
08558466
08559172
08559867
08562388
08563758
08564445
08564623
08565043
08566308
08570817
08573923
08576500
08577459
08578618
08578618
08578767
08578767
08578888
08578888
08578999
08578999
08579120
08579120
08579251
08579251
08579372
08579372
08579483
08579483
08579604
08583035
08584764
08585671
08585785
08586108
08586507
08587011
08588062
08588163
08588163
08598111
08599685
08599865
08600141
08600365
08604729
08605264
08605383
08605849
08606472
08609236
08610818
08615857
08616252
08631168
08633501
08633625
08633625
08637099
08637636
08643858
08644522
08646153
08647614
08647614
08648560
08651532
08655346
08655608
08655716
08655835
08656017
08656633
08657526
08661508
08661620
08663422
08664696
08666920
08670889
08671049
08671935
08681598
08689937
08690135
08695162
08701121
08702926
08703415
08723065
08723872
08724061
08724477
08726137
08726442
08730531
08730709
08732799
08733909
08737725
08738978
08739917
08743287
08744836
08745229
08746101
08748981
08750640
08751248
08757502
08760038
08761778
08763734
08764308
08768655
08772221
08773497
08777685
08779937
08780076
08780656
08782902
08783148
08783293
08783456
08784288
08784500
08788107
08791169
08791512
08795771
08797870
08798572
08800342
08801296
08804284
08806440
08807457
08808051
08811162
08813732
08815914
08816047
08823417
08823653
08825746
08826831
08829325
08832633
08836687
08842306
08842472
08843763
08844313
08846681
08847288
08853272
08863915
08868364
08869733
08870492
08873847
08875029
08875467
08875622
08896505
08897435
08897609
08898935
08899615
08899907
08900940
08909418
08909627
08909748
08909884
08910171
08912554
08913198
08915724
08915998
08918070
08918229
08918414
08918860
08930003
08931375
08934186
08943796
08944011
08944686
08945060
08945730
08948515
08948706
08954305
08954467
08954641
08954985
08955447
08955751
08956076
08956606
08956882
08957768
08965815
08967390
08968477
08973369
08975913
08976347
08977766
08978107
08979268
08980136
08990039
08992149
08993755
08995271
08996974
08997805
09000215
09001037
09006112
09008436
09008744
09008896
09009632
09011231
09014437
09017204
09018488
09019084
09019502
09021223
09022832
09023377
09024251
09027643
09031093
09031860
09034900
09035723
09038909
09039375
09040796
09047559
09047821
09047954
09048984
09049459
09052837
09053431
09056877
09057442
09058426
09059355
09060313
09060914
09063314
09064797
09067189
09076943
09079140
09086741
09091412
09100332
09101302
09105928
09116965
09122680
09122994
09125125
09130248
09134769
09147066
09161253
09167588
09173417
09173618
09173971
09185207
09185374
09185596
09187210
09187696
09187939
09188087
09201624
09201718
09203156
09203328
09206590
09207731
09213796
09235267
09238571
09246084
09246394
09248053
09253675
09264153
09270316
09274313
09288816
09293414
09296587
09297406
09300592
09305440
09306529
09309106
09319027
09325710
09336622
09348730
09350444
09351810
09368829
09369510
09376006
09377505
09386867
09390100
09390888
09399110
09400037
09409735
09420143
09420482
09423459
09449666
09453519
09456038
09457029
09463090
09471510
09472806
09479744
09490826
09498422
09499461
09506868
09507443
09507794
09511389
09511578
09511841
09512125
09512276
09512731
09512827
09512920
09513184
09514169
09514353
09514455
09515097
09526414
09526814
09527009
09527267
09527596
09527735
09528047
09610740
09628155
09628463
09629201
09629719
09629903
09630310
09630660
09632262
09632591
09632901
09633285
09633435
09633690
09636221
09637077
09637345
09638495
09638837
09638837
09639952
09640726
09640897
09641987
09642198
09642482
09642994
09643248
09643964
09644402
09644529
09644715
09645219
09645219
09645472
09646098
09646208
09647338
09648150
09648571
09648959
09649219
09649426
09649777
09650205
09650305
09650451
09650451
09650650
09651570
09652434
09652940
09653829
09654317
09655462
09655706
09657682
09659294
09659490
09660255
09664887
09696262
09698566
09700747
09771577
09771712
09771850
09771988
09772126
09772258
09772396
09772535
09772679
09772829
09772973
09773123
09773382
09773872
09776292
09777275
09780244
09780641
09780734
09782244
09783207
09783624
09784323
09786620
09786620
09789059
09789226
09791087
09791452
09791452
09791753
09792668
09793590
09793689
09794206
09795348
09795520
09795702
09795787
09798565
09801091
09804483
09806026
09807678
09812582
09816250
09816415
09820525
09821868
09823653
09828961
09829769
09831473
09831743
09834481
09836176
09836941
09838882
09844011
09844815
09844921
09845341
09847649
09847846
09850005
09851102
09851208
09853256
09853385
09855548
09856847
09862017
09862104
09862990
09864809
09865407
09865550
09865673
09865763
09868664
09869865
09870573
09872387
09875036
09876077
09877258
09879821
09879912
09880693
09882251
09883942
09885150
09893984
09897322
09902904
09910201
09912954
09915763
09918344
09918741
09919123
09920164
09922407
09922954
09923389
09925902
09929832
09932223
09933282
09937051
09938012
09941131
09943998
09945704
09945884
09945977
09949560
09949922
09950725
09951685
09954105
09954892
09955448
09955673
09956078
09958771
09966606
09969936
09970549
09970753
09979006
09979137
09979794
09981893
09983252
09983845
09983941
09988375
09989021
09989618
09990915
09994178
09995649
09995959
09996258
09998419
10003717
10009953
10014481
10016019
10016606
10016750
10017160
10018427
10019527
10020209
10020651
10021240
10022139
10029580
10032031
10032458
10032560
10036672
10037615
10037615
10037746
10039613
10044087
10046971
10048266
10048793
10052950
10053388
10055991
10060414
10060753
10062653
10062971
10064490
10066335
10068026
10068825
10070520
10072651
10075538
10075911
10078219
10078970
10080429
10080712
10084784
10085354
10092496
10093639
10094629
10095687
10096558
10099975
10100106
10105843
10113165
10118014
10119144
10129431
10132360
10134739
10137168
10137396
10138400
10138501
10141785
10141957
10147226
10151555
10151665
10155229
10155362
10156135
10157889
10158287
10163245
10166447
10166782
10167139
10168956
10170314
10171280
10175409
10178349
10180217
10180363
10180640
10181787
10193566
10202544
10202776
10204565
10204767
10205102
10210364
10210620
10219402
10226125
10229332
10229489
10230113
10232450
10233099
10235485
10239549
10240156
10241326
10241626
10246663
10246936
10249553
10250784
10255246
10256539
10257969
10259458
10259779
10260211
10260412
10266741
10267577
10268573
10271476
10272819
10280403
10281880
10283916
10284134
10286025
10287996
10290575
10291222
10297206
10297335
10298363
10298715
10299827
10302617
10304662
10308700
10308999
10310771
10311391
10311483
10314082
10315480
10317198
10319367
10319970
10320928
10324050
10324317
10325058
10325671
10326901
10327733
10330570
10331490
10331735
10333530
10333840
10335822
10337745
10339654
10339888
10340142
10341412
10341896
10342204
10343657
10344023
10346217
10346309
10348654
10352878
10355276
10359679
10360025
10361686
10364505
10364653
10371356
10372030
10374841
10380759
10380995
10381089
10381224
10381702
10382018
10385098
10387108
10389016
10389821
10390080
10398111
10399825
10402524
10404195
10405406
10405770
10406214
10406317
10409097
10409749
10411352
10414485
10415089
10416161
10416700
10418998
10421528
10422162
10422569
10424295
10434782
10437427
10437846
10438480
10445710
10446513
10447768
10450429
10451389
10454808
10455483
10457939
10460154
10462606
10477343
10480372
10480735
10480990
10481995
10484814
10486484
10494748
10495272
10500853
10504324
10508450
10509403
10510550
10512479
10514752
10515560
10516300
10518284
10521631
10523045
10523683
10527285
10529198
10529671
10531702
10532575
10533416
10535609
10536285
10537942
10541063
10542352
10542669
10544566
10544727
10546109
10548391
10548806
10550344
10550534
10552133
10555263
10555438
10555691
10557463
10557711
10557829
10558186
10560213
10560786
10563352
10570230
10573671
10580065
10580065
10583139
10585500
10588623
10594284
10595038
10595231
10595667
10599128
10604305
10604529
10605384
10609554
10613451
10616642
10618157
10618762
10619214
10623259
10623588
10624496
10628841
10629202
10631057
10632319
10633021
10633741
10633879
10636094
10636186
10636295
10637420
10637523
10639008
10639158
10643012
10646084
10646711
10655186
10656272
10658445
10660366
10660949
10663166
10668486
10672968
10675662
10675927
10679201
10680655
10684741
10686916
10688105
10693108
10696121
10699292
10699445
10700056
10700357
10700507
10700830
10704783
10705168
10708307
10708471
10710238
10711096
10712955
10714546
10719401
10721816
10722264
10722985
10728446
10728905
10729178
10730281
10732484
10734860
10737110
10737238
10744008
10745370
10745529
10745683
10747275
10748650
10750068
10751667
10753007
10755221
10755509
10757088
10757621
10760139
10761247
10766014
10769596
10772148
10772729
10774246
10774748
10776309
10777293
10777586
10783393
10783546
10783964
10785693
10786688
10788253
10789450
10791304
10791658
10791858
10793333
10800912
10802916
10803215
10805371
10806193
10809832
10811530
10813210
10822797
10823891
10824010
10843750
10847972
10850327
10904349
10940761
10954879
10959622
10964230
10974031
10999075
11005436
11008566
11023914
11053354
11072038
11077920
11091457
11107921
11114770
11122868
11142429
11148384
11212057
11288108
11315609
11319885
11331006
11362296
11368941
11394276
11396560
11396737
11437243
11437675
11443142
11444066
11445694
11447355
11456277
11466338
11467249
11467415
11469756
11469898
11470903
11478361
11480887
11481667
11481667
11481962
11482925
11482925
11483350
11486087
11488050
11496631
11502979
11507824
11522155
11527418
11527418
11529988
11538089
11538209
11538331
11539686
11545095
11547465
11550054
11550459
11550963
11551166
11551311
11551441
11551541
11551644
11552367
11552468
11552802
11552998
11553133
11554450
11556538
11556681
11556820
11557018
11557124
11571071
11571341
11571495
11572584
11573257
11573427
11573691
11573870
11573973
11574085
11695855
11699536
11699701
11700926
11701065
11706972
11707249
11707381
11707540
11711206
11711801
11712326
12107549
12985680
12986386
12987564
12987705
12988896
12989891
12991493
12992160
12995747
12998836
13000076
13000589
13002714
13003228
13003675
13003808
13004414
13006180
13006617
13006987
13007816
13013224
13013628
13016361
13018414
13022690
13022969
13036269
13036448
13036836
13037049
13039666
13043469
13043894
13044772
13046407
13048317
13048639
13055315
13055548
13056001
13056149
13058166
13060109
13061063
13064686
13065538
13066354
13067429
13068622
13069207
13069692
13069865
13073430
13074833
13075320
13080950
13084029
13086889
13090533
13097793
13098055
13098781
13099833
13100179
13101066
13101626
13101989
13102759
13103328
13103783
13104066
13104346
13107668
13108385
13111631
13111816
13115315
13116107
13116444
13120915
13123534
13132263
13143744
13144440
13145413
13147760
13147850
13150920
13157787
13182404
13183062
13199954
13247769
13260923
13261101
13261412
13261737
13261869
13261955
13262498
13264678
13264889
13265007
13268344
13273412
13273571
13273752
13273872
13275704
13275884
13279724
13284678
13284975
13285421
13285910
13286324
13286502
13286648
13286803
13286803
13287193
13287371
13287538
13287915
13288557
13288839
13289169
13289865
13290913
13291061
13292521
13292820
13292960
13293082
13293568
13293735
13293883
13295115
13296311
13296518
13296518
13296870
13296870
13297353
13297542
13297627
13297801
13297936
13298079
13298202
13298667
13298909
13299123
13299298
13299398
13300285
13300832
13300936
13301031
13301162
13301274
13301396
13301538
13301681
13301818
13301919
13302015
13303030
13303573
13304787
13304975
13305071
13305207
13305306
13305379
13309007
13321434
13322857
13323023
13323223
13323315
13323489
13323643
13323797
13323927
13324067
13324236
13324337
13324781
13326816
13327368
13327892
13330021
13331113
13331252
13333212
13333351
13333456
13333984
13334210
13334486
13334755
13334921
13335248
13335517
13335674
13335818
13335958
13336213
13336540
13336638
13336849
13350511
13350663
13352793
13353024
13353212
13355322
13371717
13373153
13373356
13373880
13377127
13377435
13377602
13377742
13377947
13378060
13378158
13378351
13379722
13380068
13380436
13380601
13380745
13381276
13381427
13381563
13383907
13385066
13386157
13386310
13386459
13386871
13387151
13389225
13389491
13390247
13391187
13391621
13392662
13392855
13392933
13393039
13393131
13393435
13393576
13393838
13393985
13395770
13396152
13396340
13398441
13399521
13399691
13399890
13400141
13400279
13400437
13400586
13400792
13400926
13402318
13406050
13407086
13407309
13407787
13408055
13408382
13409050
13417227
13419414
13419642
13420126
13420448
13420552
13420743
13420955
13421323
13421507
13421645
13422186
13435727
13435943
13436554
13437518
13438583
13442635
13443005
13443584
13444291
13444578
13444662
13444788
13445356
13447411
13448654
13448806
13449332
13450473
13452742
13453975
13457236
13459179
13461236
13463888
13464040
13466469
13467145
13467563
13469951
13470623
13472246
13472521
13473923
13474910
13475652
13476407
13476660
13477079
13477740
13477888
13478551
13479774
13479774
13481024
13481502
13482194
13482593
13484192
13484458
13484693
13486023
13486585
13486733
13487789
13489119
13489509
13489745
13490877
13492409
13492884
13493721
13495698
13496741
13496741
13497470
13498665
13499137
13499545
13499728
13500583
13501092
13501870
13503390
13503533
13504143
13504691
13504929
13508041
13508041
13508612
13509513
13512263
13512819
13515201
13516616
13517974
13518338
13519131
13520031
13520368
13520596
13520793
13522608
13523917
13524112
13524429
13525111
13525376
13527046
13527190
13527790
13530033
13531636
13533239
13534743
13535851
13539343
13539766
13540166
13540166
13544411
13545889
13546128
13546752
13547115
13547313
13549020
13549168
13550653
13552352
13552638
13555976
13556464
13557040
13557219
13557997
13558964
13559283
13559385
13561097
13562178
13562370
13564058
13568251
13569553
13569553
13570875
13572820
13573847
13574454
13575546
13576187
13576304
13576649
13577118
13577452
13578361
13578969
13579206
13579693
13580156
13581941
13581941
13582724
13582922
13583531
13583883
13584065
13584949
13586113
13586825
13587415
13589727
13591108
13591275
13593527
13595008
13595655
13596131
13801244
13801586
13852504
13853199
13853509
13853771
13853916
13854042
13854193
13854317
13854435
13854679
13854798
13854916
13855040
13855192
13855318
13855455
13855703
13855822
13855959
13856085
13856237
13856361
13856479
13856723
13856842
13856960
13857084
13857236
13857362
13857507
13864062
13864440
13864614
13864821
13865983
13866117
13880242
13933399
13943045
13943202
13943355
13943462
13943868
13943868
13946615
13946812
13946962
13947102
13947229
13947369
13947569
13947692
13947896
13948048
13948221
13948583
13948785
13949101
13949484
13949568
13950416
13951421
13951701
13951976
13955078
13955246
13957629
13961473
13961696
13961932
13962386
13962637
13962767
13962925
13965927
13966105
13966105
13966288
13966288
13967966
13968154
13968971
13971047
13977471
13980554
13983104
13984260
13985834
13985834
13986101
13986368
13986368
13990954
13991028
13991539
13991539
13991755
13991755
13991994
13992690
13993147
13993301
13994512
13996244
13997437
14003773
14004330
14004330
14004622
14004756
14005370
14005842
14006632
14009303
14013112
14013549
14014160
14015308
14015308
14015679
14015872
14017170
14017327
14017499
14017633
14017941
14019147
14019546
14019696
14019785
14020056
14020204
14020535
14020535
14020738
14021014
14021671
14021880
14022061
14023888
14024833
14024833
14025114
14025213
14025337
14025458
14025594
14027802
14029664
14030306
14030430
14033619
14036839
14036839
14039202
14039832
14040334
14040504
14040677
14041789
14041903
14044589
14048353
14048949
14049226
14049464
14049560
14054302
14054590
14054590
14055005
14055142
14057399
14057399
14057659
14063016
14063310
14063456
14063553
14063792
14063972
14064142
14064328
14064328
14064448
14068412
14068829
14068989
14069317
14069436
14075399
14075528
14075528
14075885
14076866
14077040
14077199
14077447
14077584
14077744
14077947
14078124
14078244
14078890
14079105
14080070
14080703
14080853
14081310
14081548
14081734
14081938
14082045
14082416
14082503
14082625
14082734
14083145
14083307
14083410
14083738
14083899
14084057
14084170
14084411
14085287
14085972
14086047
14086207
14087890
14093842
14094717
14095041
14095905
14096813
14097388
14097523
14097749
14097876
14098088
14098197
14099608
14099752
14100149
14100291
14101175
14101602
14101903
14102095
14102215
14102975
14103343
14103692
14103834
14104104
14106077
14106543
14106682
14107272
14107984
14108362
14108702
14110803
14123267
14139803
14145535
14147241
14168577
14174621
14195164
14198031
14198031
14199854
14200052
14200197
14201808
14201964
14202276
14202395
14202586
14203809
14204047
14204330
14206547
14208283
14208468
14208701
14208835
14208985
14209102
14209285
14209528
14209822
14210860
14215128
14215385
14215681
14217053
14217407
14221682
14221862
14222058
14222959
14223182
14223416
14223580
14228432
14236681
14236810
14236994
14237349
14237483
14237691
14238066
14238681
14238813
14241539
14242969
14243143
14261043
14276346
14276606
14276606
14283546
14283851
14284614
14285348
14285547
14285655
14285838
14285921
14286087
14286242
14286384
14286591
14286782
14286942
14287064
14287255
14287446
14287544
14288019
14288166
14288360
14288508
14288852
14289460
14289670
14289815
14290023
14290179
14290337
14290519
14290707
14290860
14291343
14291496
14291586
14291723
14291941
14292125
14292373
14292592
14292821
14293058
14293274
14293518
14293629
14293743
14294348
14294517
14294675
14294824
14294982
14295422
14295525
14295643
14295849
14295923
14296122
14296417
14297362
14297570
14297719
14297953
14298094
14298203
14298303
14298407
14298477
14298579
14298742
14298907
14299266
14299480
14299583
14299703
14300151
14300438
14300438
14301157
14301604
14301721
14301862
14302002
14302144
14302275
14302601
14302919
14303045
14303134
14303513
14303653
14303800
14304006
14304141
14304277
14304899
14305180
14305353
14305494
14305609
14305886
14306026
14306200
14306298
14306392
14306599
14306680
14307134
14307952
14308190
14308615
14309164
14309164
14311497
14311609
14311737
14312227
14312373
14313006
14313092
14315063
14315325
14315592
14318180
14318363
14318466
14318642
14318750
14321198
14321372
14321604
14321749
14321922
14322122
14322317
14322572
14323139
14325781
14325980
14326172
14326367
14326529
14326676
14327304
14327487
14333599
14333719
14334775
14335599
14336027
14336444
14336581
14336769
14337747
14337910
14338024
14338183
14338277
14338498
14338619
14339149
14339897
14340010
14340860
14340989
14342726
14342881
14343111
14343821
14344896
14345955
14346126
14346126
14347092
14347683
14347981
14348204
14348846
14348984
14349141
14349311
14349385
14349481
14349599
14350289
14350378
14350534
14351918
14351993
14352125
14352199
14352299
14352371
14352445
14352564
14352667
14352865
14352983
14353059
14353167
14353293
14353451
14353606
14353670
14354778
14355095
14355278
14355490
14355744
14356022
14356463
14356739
14356838
14356980
14357050
14357126
14358036
14358219
14358502
14358628
14359574
14359722
14359944
14363692
14363867
14375568
14381427
14382579
14382864
14383221
14383357
14383864
14386888
14387837
14388524
14388761
14389146
14391437
14392813
14393149
14394566
14395318
14395918
14396143
14396260
14396462
14396987
14407029
14424081
14424383
14429869
14431490
14437698
14440955
14441101
14441397
14441507
14441799
14441799
14442066
14442568
14444358
14444543
14444989
14445128
14445583
14445892
14448184
14448507
14448723
14448818
14449119
14449378
14450314
14450469
14456971
14465291
14468845
14470118
14472592
14472871
14473331
14473426
14473638
14473805
14474006
14475377
14478672
14479586
14480666
14481286
14481629
14482041
14482391
14482633
14482870
14484149
14486250
14491269
14492092
14492277
14492454
14502904
14502904
14503072
14503072
14505513
14505883
14506028
14506204
14506710
14506932
14507092
14507204
14507501
14509858
14510351
14510768
14511901
14512178
14512178
14512697
14513107
14513283
14513443
14513694
14517942
14518178
14518300
14518300
14518477
14519173
14519647
14519777
14520294
14521347
14522846
14524492
14530522
14530652
14530750
14531751
14533314
14533706
14533849
14534003
14534250
14534557
14534836
14535332
14535464
14535611
14535690
14536110
14536276
14536419
14536664
14536861
14537296
14537546
14537641
14539858
14540103
14540103
14540345
14542526
14542699
14542810
14542968
14543275
14543544
14543725
14548263
14548451
14550366
14550773
14553437
14553663
14556708
14556805
14557398
14557678
14558298
14560040
14560040
14560433
14560656
14560852
14561074
14561715
14561931
14562074
14564166
14564367
14564646
14567937
14569447
14569644
14570303
14570446
14570961
14571235
14571568
14571697
14571935
14572505
14573958
14574061
14574389
14575578
14575947
14576394
14579006
14582800
14583444
14583575
14583707
14583845
14583952
14585053
14586552
14587067
14587156
14587365
14587509
14587637
14587746
14590715
14591537
14591775
14591940
14592202
14592343
14592918
14593089
14593264
14593425
14593672
14593911
14595898
14596048
14596496
14597894
14598049
14598220
14598391
14598608
14598725
14598944
14599076
14599245
14599394
14599598
14600591
14600876
14601014
14601298
14601417
14601649
14601847
14602016
14602179
14602337
14602485
14602608
14602760
14602910
14603034
14603635
14603879
14604021
14604142
14604877
14606023
14606896
14607246
14607580
14607850
14608023
14608196
14609403
14609699
14609988
14609988
14610140
14610299
14610299
14619105
14620880
14621136
14621338
14627675
14628941
14631699
14634621
14637546
14642122
14642431
14643012
14647071
14648203
14648369
14648547
14649636
14651424
14651551
14651833
14653098
14653327
14653739
14655935
14656049
14656307
14657384
14658769
14660570
14660701
14661685
14662695
14663973
14664099
14664612
14665575
14667094
14667501
14669141
14669270
14670330
14671413
14671900
14672278
14673375
14673953
14676283
14677003
14677595
14678237
14678354
14678720
14680398
14681105
14681407
14683973
14684101
14684231
14684362
14684493
14685453
14686753
14695414
14701646
14705124
14707124
14708588
14709079
14709178
14709457
14709636
14709929
14710042
14710042
14710181
14710347
14710513
14710513
14710746
14710746
14710884
14711074
14711674
14711794
14711979
14712250
14715847
14719345
14720954
14726577
14729694
14751849
14767906
14778557
14778884
14779039
14779164
14779983
14781933
14791470
14793339
14794409
14794661
14797436
14800396
14800682
14802595
14809224
14810100
14810638
14813390
14814696
14821139
14821606
14823414
14824876
14828345
14829315
14831008
14834338
14838786
14840915
14841762
14841953
14842408
14844026
14844350
14845213
14845760
14846154
14847958
14848310
14848726
14849232
14853097
14857899
14858055
14859739
14861534
14862709
14863609
14864262
14864753
14867162
14876637
14878134
14880285
14880414
14880414
14880903
14881044
14881172
14881302
14881429
14881648
14882602
14882788
14883251
14891040
14892394
14893478
14893664
14895521
14896848
14897792
14899228
14901385
14902801
14907917
14908105
14913879
14916661
14922252
14923479
14926110
14932573
14933128
14934591
14936707
14938821
14940947
14941113
14941231
14941786
14942010
14942174
14942313
14943145
14943662
14944539
14944737
14944995
14946667
14948326
14954450
14959693
14967718
14974533
14980028
14981788
14984229
14987456
14992118
14996078
14998823
15001007
15003691
15005138
15009532
15009942
15011152
15011278
15011449
15011584
15011709
15011900
15012254
15012896
15013061
15013528
15013673
15013810
15013997
15016279
15018895
15022096
15025425
15025540
15025779
15026067
15026320
15026454
15026705
15026800
15029068
15030283
15035270
15039096
15040068
15042171
15049964
15064012
15064696
15065466
15065617
15072555
15074887
15082125
15085136
15085255
15086117
15088266
15088894
15092701
15093003
15093321
15094387
15100434
15101498
15103117
15103597
15108541
15121776
15125211
15125928
15131096
15135021
15136004
15136992
15137269
15140511
15140868
15141117
15141309
15141495
15141831
15144478
15145765
15146567
15146953
15148671
15155157
15158440
15163456
15168437
15168686
15170546
15172057
15172290
15172464
15172810
15178747
15179150
15186678
15190336
15190537
15190684
15190852
15190964
15191117
15191238
15191509
15191789
15193522
15193616
15193616
15193712
15193837
15194183
15194295
15194468
15194806
15194806
15196904
15197259
15197470
15197711
15204935
15205381
15205769
15205929
15208263
15208637
15221279
15224427
15225496
15244670
15246082
15249488
15249774
15249872
15250464
15251247
15251421
15253815
15253940
15261272
15261656
15261656
15261841
15261841
15262047
15262047
15262364
15262579
15262579
15262871
15262966
15263068
15263367
15263558
15263692
15263692
15263830
15263971
15263971
15268787
15269461
15287321
15290329
15291496
15291722
15294085
15294470
15294953
15295202
15295683
15295848
15295994
15297671
15297873
15298087
15298227
15298392
15298612
15298861
15298941
15313066
15314760
15315015
15315368
15319328
15321127
15321597
15322312
15322546
15322715
15322915
4721716
7465442
